193 186
208 74
110 17
226 238
69 191
51 30
152 103
43 87
66 102
242 84
32 141
64 56
91 198
230 121
246 110
174 17
220 221
227 218
82 55
171 168
128 128
133 31
131 230
225 35
13 8
107 48
110 117
153 198
230 162
98 168
189 206
100 231
75 60
29 15
134 234
89 141
220 111
47 202
230 166
1 26
31 138
12 122
105 162
173 156
151 240
235 179
111 129
35 150
24 93
35 1
2 117
174 228
127 131
144 10
120 69
127 110
45 114
189 12
233 20
86 43
120 250
111 67
144 19
72 62
66 226
20 52
194 108
207 73
13 183
105 27
163 106
116 168
119 58
220 75
211 76
88 216
31 171
20 179
121 97
211 234
79 114
126 104
176 168
169 250
53 48
236 115
103 224
25 234
76 206
112 61
78 193
7 84
96 27
199 186
70 75
31 166
72 70
110 25
220 33
247 99
148 137
20 135
78 154
152 18
114 145
194 65
219 105
182 65
232 191
65 37
156 99
175 75
43 111
103 184
1 191
156 158
203 45
44 199
211 54
3 16
95 59
234 175
25 18
249 98
71 143
187 161
20 199
87 50
22 157
209 236
21 239
149 216
155 125
3 16
195 170
165 97
26 22
146 119
42 218
214 110
197 7
14 67
121 125
165 111
54 177
233 114
65 66
109 229
31 44
37 29
92 202
207 236
215 32
155 54
226 136
16 87
234 88
129 235
109 154
116 12
8 64
72 173
116 166
225 108
231 108
19 125
22 128
186 218
157 16
44 169
160 175
174 34
24 128
30 205
134 40
119 11
23 142
168 217
101 19
135 33
140 157
15 164
62 16
107 90
49 149
52 190
209 153
199 206
95 155
213 147
84 127
30 242
54 246
115 38
186 192
56 2
27 166
89 152
32 60
169 118
215 17
199 219
197 180
194 133
118 31
15 211
122 122
56 47
130 187
56 11
84 221
174 74
218 38
186 177
18 199
195 214
110 67
50 23
184 49
2 197
181 152
158 75
106 212
48 183
224 86
105 101
154 13
122 97
195 25
219 58
6 238
152 50
25 197
224 24
193 125
102 231
37 193
123 236
119 230
122 47
211 126
154 45
93 134
193 9
105 71
161 212
132 39
250 232
107 157
41 224
228 185
128 17
241 77
3 65
109 248
246 201
198 71
160 211
24 250
121 40
167 238
215 79
150 75
207 47
66 85
232 128
4 48
246 174
168 136
62 41
115 57
9 58
59 52
23 18
90 107
99 25
67 218
4 72
29 67
90 58
39 93
115 137
161 44
86 227
24 15
84 7
17 79
159 189
39 147
160 45
128 56
84 80
43 163
203 160
141 103
137 174
82 163
21 171
168 121
184 175
169 72
246 135
167 43
72 16
232 66
225 178
160 127
121 228
45 187
25 102
147 104
4 154
172 44
164 152
249 244
9 5
142 42
181 134
161 182
137 164
240 32
108 28
23 185
21 126
18 144
41 192
179 54
151 185
211 152
218 3
199 75
200 50
102 107
62 198
144 187
140 195
200 237
109 8
96 247
164 80
175 134
65 64
1 110
226 84
246 200
206 64
198 234
221 97
63 106
83 202
24 239
72 38
38 235
236 110
88 33
141 118
249 36
163 190
234 7
184 13
236 203
63 133
242 134
186 108
216 6
249 233
98 188
124 190
30 105
23 126
186 197
5 108
221 20
138 1
7 181
192 171
244 0
230 94
97 123
127 80
226 50
107 95
90 128
163 175
11 22
75 135
104 22
18 5
221 155
188 94
193 0
90 201
197 116
240 190
127 59
79 212
213 29
209 25
11 123
168 208
69 140
28 18
162 233
170 175
70 165
141 140
61 1
179 180
123 157
184 127
13 123
135 140
165 2
186 188
136 206
38 229
122 43
61 241
19 104
206 138
88 66
23 233
97 241
70 93
144 183
50 103
50 33
164 224
77 213
91 233
224 232
242 184
78 198
96 223
47 48
157 228
63 232
192 24
116 23
213 52
236 96
121 248
197 243
229 38
200 149
62 201
68 35
218 166
66 223
0 0
168 107
166 183
227 223
238 118
192 108
215 151
181 151
169 43
227 11
50 178
219 215
177 148
97 62
157 148
53 200
98 12
218 80
149 166
155 75
164 129
42 71
95 1
173 93
99 101
231 164
112 200
61 95
91 218
29 16
112 234
250 4
58 116
96 19
68 115
107 148
161 187
13 61
117 150
234 208
223 178
83 146
139 92
179 106
245 210
50 6
5 91
166 0
182 180
25 245
53 126
40 200
221 123
219 46
234 238
231 221
88 51
52 210
227 241
110 205
218 25
99 175
90 23
97 241
145 201
157 88
39 21
99 96
139 213
79 107
168 196
74 161
60 90
208 135
55 234
183 144
192 154
180 104
19 143
180 66
15 50
240 210
42 140
101 89
249 125
128 232
97 90
75 176
92 97
164 200
9 196
226 237
193 54
103 49
223 103
38 132
70 90
91 172
244 245
110 204
9 122
62 250
27 201
214 218
238 124
55 61
31 97
191 170
67 22
47 175
148 176
241 34
164 185
137 3
246 89
182 108
150 46
205 34
132 94
103 89
229 241
58 54
104 132
201 122
147 7
19 53
5 110
143 117
110 188
160 65
53 193
133 55
113 248
16 78
89 143
188 167
104 193
218 215
28 228
27 66
25 132
222 23
126 0
99 125
129 31
94 60
184 170
52 183
18 221
207 192
2 206
126 98
110 81
240 194
222 119
85 144
187 148
27 82
53 144
98 215
106 166
135 56
89 238
183 79
244 2
68 137
243 183
155 130
118 224
228 118
243 202
5 186
6 42
26 103
153 31
143 98
245 154
216 107
140 150
146 70
215 19
85 135
235 166
33 122
195 178
121 158
156 113
230 1
223 183
70 61
162 70
213 191
120 205
174 46
148 165
112 24
186 165
227 104
79 8
6 81
240 31
143 185
168 22
36 207
72 18
152 225
178 226
101 199
106 222
66 248
16 106
194 210
220 63
199 236
15 223
12 205
113 211
104 86
29 127
15 226
109 135
228 224
225 100
71 246
161 46
106 72
200 232
37 76
119 208
59 72
217 147
228 57
119 238
150 195
68 42
24 122
60 156
50 198
64 5
18 208
85 81
45 156
199 139
108 2
121 64
178 190
6 42
230 101
170 204
88 179
132 120
182 80
19 197
232 215
250 6
105 69
216 222
64 104
146 200
162 158
118 155
227 3
58 28
138 160
169 211
234 218
115 87
247 184
241 213
144 96
142 234
69 131
207 7
100 40
51 234
218 250
53 46
0 141
81 102
154 70
52 74
199 38
11 144
1 166
74 3
159 161
123 209
4 40
219 155
161 125
39 202
221 94
235 14
47 133
145 192
243 62
178 28
172 0
46 191
65 0
83 93
57 40
5 17
71 189
129 1
244 19
100 238
172 31
116 214
27 153
43 126
185 190
73 39
187 1
202 110
72 24
135 38
239 192
4 214
13 220
8 74
75 118
192 201
218 21
66 4
114 33
239 180
82 99
109 41
239 232
60 36
24 13
164 198
113 247
115 111
173 31
92 184
131 15
208 198
162 158
164 92
88 147
36 116
194 175
231 34
88 159
72 186
112 215
126 168
167 22
117 169
129 151
19 19
106 238
79 0
127 52
68 27
9 23
91 30
56 214
116 80
142 52
152 11
36 4
79 24
52 243
23 175
185 122
62 9
166 22
116 129
215 13
243 213
154 134
182 33
217 138
178 204
152 20
0 3
213 180
40 164
15 226
73 33
165 205
17 167
140 94
196 44
25 111
187 239
58 57
239 29
247 238
212 40
111 76
73 116
130 64
43 144
135 141
166 77
243 136
48 194
108 27
230 0
159 160
102 75
221 123
212 21
215 142
114 193
191 158
241 8
79 223
63 38
151 69
157 200
197 218
165 10
17 117
210 130
138 85
235 40
235 5
21 15
206 12
185 210
104 17
49 222
140 18
182 206
30 116
120 9
36 183
82 119
169 195
222 13
211 24
144 68
224 108
83 98
237 74
183 58
16 191
90 95
248 169
123 199
220 60
84 184
227 249
37 250
59 97
76 13
177 131
31 194
57 202
31 150
51 122
161 130
96 99
219 249
116 134
59 47
4 222
200 9
171 184
28 175
31 161
185 67
114 219
243 190
40 76
227 237
157 22
151 59
53 5
249 240
95 130
234 76
33 10
137 157
44 224
83 238
102 228
11 207
247 249
161 240
139 186
164 129
87 243
2 31
33 31
240 83
169 176
239 124
26 41
246 213
62 236
189 23
47 178
118 139
3 13
6 199
157 37
170 214
67 87
111 157
88 121
242 15
173 148
103 77
12 31
234 15
164 90
87 38
197 134
115 126
21 66
122 235
142 67
118 154
197 204
34 190
162 125
89 35
186 180
64 236
182 33
12 248
55 137
200 22
100 64
53 82
76 173
172 147
198 206
242 120
98 45
6 33
132 181
79 77
217 181
19 164
114 95
130 184
63 249
36 14
7 173
77 55
29 172
174 124
1 123
249 241
87 59
229 228
69 0
79 22
242 47
112 155
124 149
63 147
134 205
241 147
214 186
186 223
172 229
203 49
180 239
21 79
231 68
70 100
46 169
171 228
60 180
170 10
203 113
219 29
120 15
245 228
94 25
196 139
88 128
5 211
166 243
110 154
22 133
210 239
81 138
249 50
26 88
25 62
101 208
13 154
100 220
89 66
231 140
15 236
102 174
170 213
90 129
10 195
130 155
19 22
210 158
26 98
59 103
231 68
61 247
110 200
237 33
160 54
249 5
56 93
160 118
31 100
154 125
36 237
234 67
49 147
78 240
110 140
11 205
236 242
59 241
186 230
228 229
26 131
212 10
144 157
238 210
220 129
213 69
223 241
230 152
187 88
89 87
50 205
143 183
198 96
123 132
195 121
208 184
248 152
157 17
44 145
135 203
48 56
151 122
222 120
143 90
84 186
1 214
105 66
80 155
79 154
113 122
88 158
206 211
40 188
238 194
174 111
123 126
23 65
64 86
237 56
66 162
178 107
66 19
26 104
114 100
87 153
121 3
88 115
177 183
54 7
134 180
234 162
181 132
173 195
206 17
178 26
72 194
169 234
179 230
214 181
161 167
97 93
38 126
99 3
76 66
124 148
156 22
7 125
103 154
0 32
133 12
45 24
94 18
154 241
167 62
176 124
157 171
103 228
206 170
54 83
104 4
249 56
181 19
6 231
51 15
128 175
48 141
120 189
180 120
160 194
164 15
95 216
162 145
54 64
224 7
35 249
202 119
224 209
48 184
187 239
136 195
214 116
60 28
163 135
37 156
12 144
137 80
169 21
142 166
204 102
18 83
148 215
10 93
225 130
250 89
130 81
199 51
229 107
224 244
100 87
158 232
211 109
238 101
28 80
114 94
156 215
232 53
135 91
32 210
180 113
50 182
151 178
42 59
129 121
28 29
222 78
184 100
214 69
165 164
92 220
95 165
170 108
57 14
137 93
58 110
97 118
35 239
53 215
203 233
138 1
179 65
238 223
242 96
20 60
162 60
3 0
109 180
223 206
163 236
142 94
160 239
151 182
131 49
245 51
247 215
171 136
46 164
227 25
240 223
29 234
168 39
250 183
135 63
111 164
200 199
215 164
95 199
163 167
17 18
30 229
157 43
5 41
198 132
39 239
193 108
154 4
185 75
47 38
146 210
172 102
174 127
188 118
55 101
44 189
108 152
32 215
95 101
107 115
166 189
156 102
85 232
183 98
79 182
226 245
188 119
73 114
136 196
234 5
134 205
161 18
220 159
24 191
7 3
164 11
172 84
68 137
240 112
200 145
62 153
98 188
18 117
30 40
239 212
82 226
70 145
36 118
40 164
199 184
237 27
75 183
177 244
191 228
55 207
174 33
223 96
148 116
92 114
158 143
99 91
28 181
53 223
144 32
66 99
164 8
235 121
205 140
25 190
248 200
61 210
109 8
129 147
233 89
150 59
188 58
219 139
149 22
84 178
90 58
223 63
97 120
76 61
249 231
100 51
219 62
207 71
150 147
246 195
137 65
95 141
72 68
93 126
219 102
85 194
0 119
1 106
235 97
63 125
129 102
1 195
129 95
159 89
24 61
199 162
176 64
23 64
109 72
73 211
24 147
121 35
38 143
221 207
161 219
191 115
32 53
207 148
178 144
138 110
138 222
237 94
33 143
183 185
69 122
232 31
166 95
49 135
250 101
43 116
50 141
58 73
155 116
216 78
248 98
149 48
158 147
200 89
73 155
144 114
61 228
50 150
74 47
35 78
156 233
41 249
221 80
192 16
46 7
149 196
125 204
185 125
250 107
189 130
26 155
246 105
0 221
68 25
74 52
135 41
60 215
182 39
14 231
122 153
70 182
119 60
61 124
83 173
222 113
38 159
106 147
173 132
185 249
193 249
87 68
71 126
242 214
39 120
249 189
177 95
49 77
220 205
126 213
41 216
84 2
43 70
202 220
218 138
41 226
206 60
226 52
193 143
208 23
99 82
139 64
64 189
77 120
185 104
30 6
149 55
146 13
225 166
22 46
122 147
151 154
239 167
93 130
46 25
102 189
109 130
223 26
244 31
37 137
180 113
78 206
55 11
46 48
183 3
210 179
14 185
213 231
18 130
138 194
34 165
155 24
128 105
126 134
212 106
237 108
53 155
87 186
89 58
103 29
163 219
57 184
197 165
23 2
242 92
43 57
241 248
91 219
146 12
105 125
150 235
47 70
91 86
127 201
74 93
148 24
98 132
223 16
151 52
59 132
20 240
184 249
58 135
229 152
143 116
196 237
247 94
94 88
74 28
166 213
220 237
247 184
64 96
172 140
95 50
42 110
141 150
6 206
47 51
117 9
247 211
174 96
4 78
114 157
98 152
143 14
242 55
5 232
223 162
56 75
44 111
110 186
26 246
226 159
205 221
132 238
214 180
56 188
98 49
203 36
199 240
193 123
60 247
213 168
208 106
175 108
13 103
49 205
219 87
109 67
107 144
164 177
140 117
201 108
110 104
152 201
154 3
226 44
95 154
12 53
30 52
41 0
176 53
236 70
149 109
99 65
155 214
47 80
67 101
164 224
144 19
152 182
223 46
224 78
109 12
141 0
68 31
188 200
121 199
105 100
103 40
101 233
23 117
232 83
136 145
227 224
127 14
247 169
196 232
17 143
176 89
140 134
246 48
207 196
189 41
28 149
207 230
77 48
169 33
137 84
161 67
90 50
192 9
229 148
141 85
32 70
240 120
235 175
231 31
214 82
121 41
7 15
62 169
248 72
147 119
144 86
237 191
213 132
89 5
202 89
202 56
238 72
0 95
91 179
122 166
145 229
12 43
174 192
70 76
31 30
199 128
229 167
93 230
210 101
210 28
84 66
30 173
232 80
113 231
117 36
234 45
20 158
139 67
155 36
112 137
212 16
125 77
249 41
121 22
241 184
56 41
46 77
79 46
90 31
195 242
191 106
67 0
15 173
201 37
91 231
0 55
170 101
110 203
219 218
180 158
183 22
127 248
103 82
9 176
12 58
82 174
105 90
147 129
88 103
105 1
14 141
153 76
248 181
149 179
56 224
30 242
82 246
26 12
12 177
3 219
174 17
126 74
68 225
225 192
240 24
172 74
218 205
248 6
27 110
119 88
57 200
8 232
27 3
46 90
81 149
179 5
90 26
12 47
109 121
230 17
160 247
103 96
135 66
74 67
215 36
215 105
176 10
85 37
223 233
250 32
1 30
66 167
59 48
220 46
76 92
5 25
150 84
27 67
151 221
95 232
131 10
146 31
43 66
248 123
146 182
148 218
24 101
141 41
57 247
43 88
51 185
76 152
17 143
86 244
51 250
148 37
196 60
27 67
196 15
156 238
59 166
14 158
33 203
112 128
156 196
139 171
225 59
229 136
39 154
175 140
138 26
122 32
59 67
9 25
104 89
208 239
96 177
106 46
7 6
62 41
234 185
106 114
241 3
29 47
66 169
150 211
187 174
179 47
104 104
141 85
176 5
233 246
81 130
60 212
155 244
228 250
216 123
27 177
22 198
170 40
135 238
239 93
93 1
246 213
78 112
9 219
165 101
238 177
43 220
52 85
220 207
16 187
177 29
167 89
234 115
85 222
41 99
126 195
67 16
211 23
247 36
100 93
213 157
167 84
84 50
165 2
178 206
103 127
248 71
57 48
16 122
218 8
5 189
62 36
127 146
126 213
102 64
49 219
138 104
35 21
181 75
75 26
174 220
23 200
10 80
178 132
228 120
106 164
241 50
212 184
149 21
90 166
72 109
31 3
45 230
163 76
3 78
36 190
35 218
105 69
4 0
34 194
175 172
14 116
120 6
75 149
105 74
102 216
173 139
56 126
127 172
134 229
67 134
24 121
98 97
141 116
209 167
75 80
204 8
211 226
184 172
152 198
148 41
167 31
206 26
242 100
155 148
191 166
184 196
97 58
44 117
207 118
206 186
237 179
31 1
0 9
229 45
114 209
187 145
81 63
15 144
171 202
138 169
21 174
129 82
193 176
51 35
203 179
199 0
206 94
235 12
96 190
44 68
187 155
230 179
150 170
86 132
79 189
88 195
219 145
69 191
161 105
130 138
83 171
81 156
66 203
23 18
217 37
211 153
92 80
235 130
20 222
31 154
126 104
151 24
146 183
52 183
56 130
179 227
182 178
204 88
205 74
68 131
76 172
146 156
68 138
55 140
69 61
122 226
122 230
90 21
81 43
210 155
95 209
73 28
101 120
32 37
92 3
117 163
146 211
205 12
138 189
99 186
155 205
221 115
234 193
15 98
183 235
99 38
158 3
238 8
130 45
247 57
191 59
141 0
61 179
99 195
188 200
128 41
154 235
249 80
143 174
232 168
70 59
198 30
215 94
23 129
66 235
162 234
149 6
180 169
29 137
200 225
17 106
60 118
74 116
37 109
62 148
177 157
18 37
5 196
128 34
89 67
101 66
61 219
126 181
17 182
178 232
186 93
180 142
235 117
174 221
14 220
155 238
166 211
224 192
7 97
214 7
173 112
161 121
90 185
88 45
212 192
124 30
197 10
194 24
110 59
20 155
205 218
158 240
65 15
1 231
14 117
92 199
26 202
137 175
129 93
231 240
96 131
70 140
2 178
224 180
55 128
25 76
107 187
221 196
58 105
107 181
206 132
236 64
179 79
198 250
134 219
44 218
137 159
9 195
42 185
83 110
156 75
5 167
132 209
192 201
58 233
207 165
134 216
250 0
139 58
121 125
85 120
226 217
76 30
2 151
131 139
82 95
173 137
4 183
116 152
196 134
208 49
19 131
228 17
84 2
82 166
124 227
188 14
75 225
221 117
41 5
63 179
237 225
57 96
77 169
94 89
13 198
67 106
233 131
88 71
233 113
245 31
164 183
11 51
13 111
103 80
105 24
165 13
95 56
106 136
36 11
126 160
67 5
68 125
80 170
40 133
245 109
58 22
83 76
207 57
161 250
188 126
142 56
180 177
17 33
242 72
201 113
170 166
39 66
53 102
33 99
227 9
205 137
108 237
1 97
100 132
26 131
160 91
200 129
248 176
121 180
211 214
53 112
131 158
82 232
27 157
78 216
164 73
245 0
116 193
133 123
30 157
135 62
247 141
66 34
10 42
30 155
33 76
238 107
56 151
80 237
180 140
91 205
181 50
0 201
164 201
64 169
153 183
186 205
225 134
187 137
245 217
93 1
53 38
181 89
150 151
181 110
31 61
81 222
234 205
206 199
197 233
171 179
200 11
125 195
147 175
71 85
34 9
250 2
4 144
248 9
239 115
242 63
185 237
210 137
144 3
105 170
47 138
94 124
184 103
79 30
78 136
225 118
67 100
72 211
39 58
186 163
151 241
95 58
50 164
156 209
19 137
69 143
134 0
100 195
72 1
14 22
241 13
206 51
36 192
71 119
104 134
69 0
178 62
29 120
2 51
222 177
99 137
226 231
249 4
18 71
6 211
204 63
208 67
34 7
193 194
237 215
244 49
57 45
222 96
186 218
176 198
248 218
120 130
134 96
126 212
74 69
177 184
1 146
168 148
149 53
99 50
81 145
169 228
183 102
150 99
67 227
151 7
173 158
82 177
172 235
44 11
203 36
54 62
104 22
227 101
58 216
184 143
238 108
20 60
166 52
205 91
179 59
165 210
131 41
7 162
39 171
206 91
12 231
44 196
60 230
65 173
51 166
73 173
159 26
166 90
36 47
128 235
10 225
211 117
58 225
195 94
125 33
163 37
157 150
232 22
153 13
61 199
209 75
160 78
49 45
90 103
201 196
183 71
85 103
201 150
156 122
74 138
170 54
231 105
170 50
65 13
65 38
106 189
10 47
222 193
102 20
120 61
248 193
40 250
118 61
37 197
87 182
102 185
175 237
165 229
226 184
111 54
74 39
49 27
213 209
232 114
231 146
79 211
102 14
151 231
126 18
138 177
192 153
156 193
122 66
69 181
59 154
50 183
190 56
215 139
229 126
164 229
209 130
37 198
121 70
68 131
129 150
219 212
182 237
29 159
138 169
213 47
53 192
195 31
198 34
25 206
45 145
28 112
136 118
31 63
106 52
78 199
160 20
85 227
104 34
26 194
32 128
123 103
60 9
174 153
142 55
14 129
189 157
63 147
9 14
198 52
134 196
215 73
177 63
64 57
130 145
46 206
148 113
180 199
244 183
61 166
23 106
165 131
70 88
78 74
178 69
126 39
170 163
186 60
20 157
210 119
193 25
220 25
204 234
119 130
160 204
191 204
139 100
209 232
89 127
236 51
119 164
67 226
66 143
87 128
102 27
232 184
44 191
106 131
194 0
198 230
38 124
127 184
215 55
204 66
233 25
109 115
32 171
168 186
244 86
156 202
248 88
40 62
171 26
242 248
210 209
159 89
99 165
61 184
43 104
222 196
65 151
52 22
216 156
174 50
133 165
123 187
199 84
32 229
201 184
166 93
212 30
70 170
70 69
49 113
108 102
139 54
209 123
168 234
145 105
249 98
236 40
84 218
126 135
54 231
75 206
203 41
217 212
230 19
29 147
242 108
121 153
214 34
133 222
187 176
109 41
39 30
63 175
51 59
213 129
163 147
37 237
94 219
8 9
235 229
99 215
4 125
37 157
230 13
223 179
58 172
100 204
35 221
184 204
84 207
153 139
159 97
176 222
59 102
154 32
89 131
11 134
55 197
222 93
58 21
131 93
168 35
187 102
51 10
225 46
153 31
90 174
3 143
108 23
126 137
92 150
156 85
239 85
232 163
1 43
210 104
17 197
108 81
185 97
38 91
226 35
144 117
137 178
54 87
177 34
91 241
207 246
20 121
122 23
113 145
250 88
162 186
210 18
215 62
88 113
42 161
92 240
55 57
189 140
118 185
84 250
101 116
228 169
83 2
109 218
16 15
172 212
94 103
67 75
51 172
172 78
222 4
224 16
201 176
88 21
179 87
53 183
17 149
48 77
161 172
177 70
199 123
145 218
112 120
68 32
81 156
100 224
49 223
241 180
72 248
72 28
89 31
210 93
2 179
195 181
90 111
14 226
155 105
39 29
168 155
63 208
0 26
53 29
134 120
205 172
101 203
56 88
46 168
234 42
141 238
239 66
90 37
228 90
181 216
225 161
42 210
64 55
190 83
186 133
155 210
133 86
23 207
229 207
172 204
90 248
8 0
213 89
234 166
211 245
46 104
245 98
104 228
133 48
54 102
63 214
91 148
136 101
52 244
90 136
24 74
148 195
173 129
168 23
197 116
104 49
193 128
49 106
144 121
224 73
205 139
42 62
208 213
217 155
47 43
187 246
184 149
160 10
204 193
184 159
223 88
12 55
249 37
192 110
48 98
171 50
241 171
73 53
95 191
191 227
199 193
226 239
149 229
147 152
125 124
0 152
33 227
123 188
150 91
77 85
141 81
73 245
240 7
74 61
29 169
106 62
68 5
54 239
38 207
82 176
177 81
125 40
182 223
180 163
168 217
106 133
218 102
144 83
224 16
12 22
221 214
230 10
75 120
112 37
170 42
157 241
117 21
127 46
188 240
217 13
198 84
41 5
179 139
200 48
228 116
223 74
229 76
219 158
39 44
2 26
146 160
218 90
204 124
250 165
235 167
87 243
130 56
69 231
227 99
162 30
93 126
8 47
150 136
13 66
195 139
15 247
218 100
25 20
109 39
191 134
75 29
118 207
141 65
193 21
59 149
21 83
171 162
205 124
54 232
119 56
183 177
67 218
39 34
30 67
89 4
202 227
158 188
243 190
181 69
246 116
176 56
141 138
1 97
110 173
104 73
182 126
227 133
1 104
82 188
68 153
139 21
39 33
17 45
217 79
203 12
0 162
68 135
176 41
208 202
96 99
71 142
170 32
165 112
168 202
96 180
96 242
6 239
140 20
137 191
55 29
91 55
232 197
250 55
144 183
30 127
7 93
141 177
10 142
42 11
28 21
103 12
84 143
39 162
248 104
117 229
170 104
19 156
47 154
64 141
149 96
249 247
8 121
203 131
122 130
120 224
82 12
245 170
105 240
92 100
103 245
8 204
221 88
48 109
100 53
220 179
223 34
30 163
249 76
201 167
12 137
202 145
178 29
145 134
201 97
183 134
32 38
63 55
145 38
209 141
44 174
42 121
19 207
40 90
29 166
179 129
1 165
26 25
201 123
222 12
201 198
94 190
15 213
217 234
89 64
64 235
129 238
134 209
160 171
102 80
190 94
229 10
20 102
65 243
118 167
158 46
158 122
151 12
223 74
216 207
241 202
167 158
179 3
177 196
241 222
180 172
141 142
73 70
33 180
192 192
36 147
247 244
70 71
143 40
171 228
138 151
122 40
205 38
192 244
161 177
154 243
76 148
130 91
33 212
160 202
164 92
250 77
208 44
180 67
205 135
24 212
213 82
58 165
78 185
134 15
144 38
26 142
133 161
183 200
133 117
146 44
90 244
119 219
111 142
225 200
193 191
233 131
123 14
66 50
226 237
189 133
14 96
185 229
82 82
97 93
34 250
36 209
13 224
156 27
176 29
147 211
196 93
196 62
47 92
125 132
67 235
193 20
102 227
175 38
194 100
134 101
47 8
57 116
23 119
123 212
130 14
65 15
62 230
216 124
19 217
48 142
22 103
52 49
151 127
73 85
198 243
116 131
90 13
135 188
127 163
34 70
148 6
195 209
109 204
114 54
166 21
35 193
149 248
202 47
228 248
246 159
207 85
224 49
230 74
44 148
85 145
179 48
240 221
130 32
62 75
78 14
32 187
230 235
207 105
179 16
126 205
83 35
26 154
74 26
145 203
240 239
158 108
25 124
44 97
120 113
88 190
244 52
161 130
46 239
101 30
13 133
161 87
200 42
178 147
33 12
102 225
53 136
211 240
188 219
52 184
179 80
17 193
1 1
6 178
19 175
243 192
123 211
245 153
53 141
83 212
112 239
29 236
32 110
246 243
60 76
244 242
72 214
102 39
0 88
2 80
9 82
165 101
99 86
247 62
192 185
7 21
16 119
24 141
165 241
46 239
37 120
195 66
53 109
82 149
137 123
138 191
198 76
14 241
90 161
80 2
149 90
126 135
247 69
249 104
225 130
214 108
117 190
125 221
22 188
14 206
161 99
51 182
69 139
182 106
82 4
67 143
178 48
122 81
42 100
85 194
67 160
239 192
102 21
64 145
96 201
39 221
52 224
195 93
175 190
155 72
218 237
152 90
133 137
160 170
68 212
152 213
203 242
221 88
143 212
223 194
190 20
129 122
104 54
207 210
189 11
50 95
149 197
38 15
84 168
22 152
240 73
217 243
6 99
193 244
170 217
92 229
15 133
48 100
225 201
113 93
150 17
10 157
97 87
59 240
112 162
88 147
161 123
24 191
74 98
195 137
10 185
195 80
224 59
58 48
62 246
131 116
59 96
162 28
140 121
217 47
72 37
197 191
91 137
131 42
102 124
84 174
180 28
166 201
27 145
85 43
176 203
225 223
159 179
110 29
213 20
228 28
78 244
27 48
56 160
82 122
201 244
249 57
88 206
11 104
76 86
222 216
18 28
111 76
131 191
153 138
16 114
134 250
128 230
80 148
139 177
78 80
101 94
219 131
116 50
41 117
168 133
171 73
235 111
186 228
213 109
63 174
201 7
180 209
192 205
99 121
84 16
198 64
85 90
186 59
8 196
157 191
190 229
25 237
244 208
56 216
89 72
25 105
232 30
11 123
89 89
215 232
239 178
30 204
55 42
133 211
10 48
125 21
143 211
59 193
240 152
217 41
235 136
239 229
8 124
31 180
136 139
208 32
66 238
250 178
124 39
41 249
195 4
46 75
68 226
189 13
206 224
117 207
59 198
193 41
12 155
27 139
77 84
75 105
209 122
40 68
12 66
139 58
15 246
67 97
75 113
30 53
33 189
212 89
58 148
48 151
123 115
71 23
99 22
214 108
156 24
210 98
180 213
201 27
141 25
136 1
79 153
234 39
205 192
54 59
107 22
183 232
177 148
23 50
119 181
115 224
59 242
137 90
206 115
148 244
158 185
158 44
114 238
89 100
137 130
180 165
61 197
10 34
177 82
53 132
155 43
89 107
40 246
186 21
34 114
29 219
19 236
227 108
62 116
226 216
136 88
232 123
194 83
243 110
174 170
223 227
61 190
114 8
6 180
116 232
1 205
175 39
224 109
26 37
151 154
138 6
11 87
174 150
115 242
139 97
176 240
205 171
241 235
92 101
113 15
44 113
235 55
235 108
27 178
200 230
173 67
154 94
5 163
95 1
206 80
246 34
57 26
97 226
246 249
210 248
37 139
97 98
38 47
91 109
188 64
218 151
50 139
216 138
23 42
150 202
85 166
203 131
46 101
197 168
237 125
235 40
172 245
227 183
25 190
65 84
107 33
104 85
28 7
116 46
58 193
6 132
13 201
197 109
238 192
225 111
236 65
108 179
57 15
52 114
67 207
143 169
136 0
154 28
124 131
147 83
82 200
181 145
169 207
245 117
120 28
249 118
192 29
127 183
218 219
225 207
219 200
232 166
115 24
28 232
149 74
208 143
98 45
213 193
227 174
173 195
138 214
171 214
175 241
8 82
32 149
72 5
126 250
230 96
42 154
184 45
133 45
144 88
56 212
82 32
102 108
76 155
181 47
225 227
148 176
163 178
212 204
192 14
220 50
2 91
121 129
248 166
146 141
121 123
148 13
241 86
138 78
212 42
241 60
116 105
44 93
46 140
158 39
53 225
105 100
209 145
126 58
203 237
80 178
240 59
48 141
151 38
241 81
28 147
53 118
9 26
107 206
35 54
184 95
173 45
166 103
37 165
168 211
203 185
79 54
167 208
179 14
199 168
118 119
114 44
76 58
114 156
121 108
77 188
37 83
160 130
151 38
98 23
21 236
35 36
198 239
44 62
161 86
49 30
189 48
133 139
242 79
46 137
178 55
166 7
198 220
102 92
211 122
13 196
34 92
70 202
147 212
38 110
31 237
62 233
210 135
199 166
243 226
219 69
168 158
208 238
4 57
148 180
206 10
135 70
92 164
24 128
108 93
172 114
121 125
19 206
160 155
63 48
81 172
201 92
138 172
101 130
229 203
47 116
217 17
77 64
79 5
47 116
6 16
155 34
243 15
127 65
136 132
202 119
147 136
197 182
123 53
84 239
247 168
73 233
24 17
143 122
89 200
151 25
130 175
229 187
80 249
167 115
43 36
50 197
211 147
95 116
108 179
202 244
27 42
233 43
121 164
193 144
124 48
128 121
121 176
250 155
80 95
14 71
113 88
16 163
92 210
159 163
136 131
77 29
69 70
71 31
150 10
120 153
241 12
203 228
77 158
7 161
205 58
213 9
86 240
203 86
33 140
12 10
103 224
130 33
164 40
116 217
70 95
247 63
88 117
194 136
19 61
221 189
167 151
146 108
211 9
143 166
175 27
182 240
188 241
187 179
14 112
38 167
178 127
170 212
8 229
25 243
171 195
175 5
165 236
90 43
50 93
140 169
189 33
96 197
56 231
153 75
208 3
8 65
235 198
243 46
178 218
173 101
63 159
33 193
47 134
41 112
237 236
34 91
29 15
33 38
17 162
94 46
165 161
246 120
146 60
45 65
17 174
84 210
135 35
93 188
4 203
186 139
4 239
126 82
120 180
171 97
112 118
20 166
99 198
233 91
39 244
2 228
11 44
150 143
50 65
37 241
188 16
225 202
98 200
107 59
115 54
209 141
33 162
50 77
48 180
112 158
175 234
73 134
172 245
126 68
73 155
95 237
161 149
9 110
83 191
147 164
9 123
61 34
160 178
212 51
204 22
14 164
35 174
53 131
179 182
14 139
143 40
242 41
28 1
74 106
155 144
216 78
81 250
238 156
75 172
195 20
24 42
154 158
207 193
67 29
174 77
15 146
94 59
25 29
227 231
232 91
121 174
159 183
52 45
58 170
171 162
133 140
37 158
30 208
5 106
57 208
123 108
198 118
9 174
232 168
246 222
206 237
28 166
56 217
147 228
218 170
29 197
205 240
239 210
127 81
232 62
47 171
216 133
247 60
84 201
133 52
67 56
233 213
129 221
159 70
228 116
147 155
146 14
70 145
68 185
81 52
36 180
173 196
183 121
63 165
242 211
101 149
94 197
158 71
246 161
196 220
96 189
143 95
219 24
152 0
148 184
29 213
146 135
108 82
111 163
5 96
81 33
177 70
0 172
132 37
157 198
149 35
115 190
34 92
28 239
0 101
124 40
52 154
210 244
11 221
205 72
79 32
82 43
85 100
74 249
192 249
160 120
57 29
176 185
84 222
156 23
49 134
249 89
137 18
16 163
191 29
96 35
150 90
154 98
184 158
110 197
40 230
229 152
213 96
185 206
49 209
104 201
89 126
248 91
5 121
72 41
58 57
77 108
136 145
78 224
5 3
210 202
74 135
48 79
60 151
190 28
176 193
37 53
209 163
26 73
147 189
213 46
132 160
9 119
212 171
114 179
124 49
220 181
98 91
113 49
71 242
30 162
80 87
233 164
97 174
200 8
98 190
200 95
123 50
56 45
247 66
174 16
183 198
45 193
56 200
237 207
76 104
115 133
248 182
120 55
65 15
248 39
237 225
198 221
245 218
1 180
6 174
199 60
137 42
248 118
189 93
63 66
212 7
232 163
57 234
141 141
237 186
185 163
91 41
181 55
18 15
67 193
82 20
48 191
213 62
68 192
140 11
31 95
148 130
14 193
140 113
96 57
45 39
145 240
179 84
245 0
63 128
19 18
219 59
6 159
138 197
98 62
81 229
32 13
209 237
204 8
87 223
10 79
206 69
143 55
40 128
137 49
226 149
115 103
50 44
230 240
201 94
66 116
250 113
189 127
112 191
49 130
182 47
20 73
176 155
210 110
232 42
189 229
151 13
215 41
191 238
42 196
186 140
14 97
223 96
169 202
152 3
124 113
245 30
164 101
93 20
214 175
83 221
92 177
235 43
71 60
181 24
169 175
57 6
180 172
217 76
138 112
58 119
19 237
133 169
238 158
4 8
76 141
223 217
113 248
9 118
34 109
98 114
57 224
42 239
47 240
133 215
160 248
109 213
192 153
5 130
223 202
181 94
29 208
154 189
112 54
194 168
95 230
158 247
202 61
103 204
42 82
159 226
82 108
80 87
174 71
44 109
131 109
41 46
238 171
47 75
9 221
119 81
46 205
209 241
119 161
200 95
129 43
1 240
144 145
249 124
221 214
76 14
46 166
67 180
205 174
217 179
211 138
85 58
180 211
83 29
188 44
9 42
90 85
187 80
186 135
31 9
155 12
7 200
64 76
224 237
54 182
180 73
196 248
83 136
193 190
70 84
176 242
134 32
83 30
20 48
49 140
198 54
36 61
9 124
191 235
87 25
27 157
136 226
159 32
236 207
149 24
111 121
26 170
23 226
12 36
82 206
222 45
69 156
3 33
141 140
37 16
11 51
71 227
170 141
25 133
70 102
60 3
32 248
153 191
143 89
99 102
182 221
92 80
211 2
218 187
215 230
174 18
182 174
72 100
110 195
73 228
67 21
104 165
55 139
122 44
229 13
222 244
168 61
136 155
208 157
73 207
64 63
125 73
169 40
250 154
81 58
30 27
197 159
193 245
108 242
164 77
150 246
119 222
83 167
103 87
230 119
211 5
28 61
233 127
116 142
243 12
183 189
42 203
197 21
233 245
190 61
24 67
125 9
238 122
117 91
159 91
191 199
118 209
191 242
157 124
6 30
210 51
246 64
84 132
244 169
152 147
225 126
173 156
22 195
0 73
107 212
47 18
217 21
231 232
208 210
87 143
246 117
64 174
241 76
87 200
128 2
19 126
184 201
125 17
228 103
83 62
32 160
1 95
27 138
161 169
175 73
39 247
67 217
140 143
81 40
175 233
211 26
15 38
2 59
145 117
234 165
3 217
81 144
162 45
211 75
77 108
226 123
225 221
2 107
122 223
99 242
116 33
66 228
130 29
108 246
207 5
231 233
26 218
74 147
115 79
91 187
191 102
43 210
51 129
55 99
224 176
52 143
23 83
233 94
148 166
199 72
15 69
12 39
187 20
90 242
100 117
62 202
29 82
73 177
99 166
120 145
47 244
141 6
241 128
196 81
114 1
129 156
158 150
230 22
224 96
229 66
199 128
164 222
16 69
140 212
43 107
190 189
131 169
126 61
9 248
82 30
54 88
163 15
3 0
108 127
176 24
121 149
24 246
4 236
49 18
0 122
216 106
240 136
31 203
164 242
183 90
172 106
80 93
108 246
28 134
140 92
14 116
194 228
95 141
67 13
198 57
200 158
161 212
209 25
180 170
173 173
215 6
231 78
15 233
89 110
212 176
96 152
171 35
132 80
139 215
215 17
129 43
117 31
216 56
224 5
65 167
52 219
121 215
140 228
208 149
7 35
234 182
76 14
4 177
126 171
43 206
67 128
234 34
244 188
64 169
212 144
216 244
199 247
212 152
10 124
60 57
16 211
85 81
0 59
76 6
222 230
23 238
99 189
241 200
19 241
115 51
72 5
88 124
125 71
54 94
106 152
8 56
236 208
128 248
25 5
123 208
94 156
115 142
43 40
42 198
208 227
136 23
168 171
61 79
16 207
233 35
127 210
229 11
194 5
35 246
12 148
86 149
216 0
52 125
113 120
162 35
31 37
237 157
245 106
75 213
96 179
102 233
145 235
84 2
233 28
24 149
198 228
158 42
66 119
229 204
105 125
213 106
141 162
10 32
71 198
44 4
225 72
68 165
101 124
62 228
93 3
112 202
102 105
129 168
143 62
147 218
26 217
12 64
7 240
156 168
207 189
151 174
161 247
65 38
17 47
57 78
146 224
99 229
216 110
19 92
112 21
205 93
219 177
58 121
155 129
18 164
95 133
2 240
213 145
232 135
24 115
153 225
57 215
234 53
1 123
92 98
222 92
7 33
110 191
145 220
65 223
197 28
76 141
122 65
135 219
234 156
11 71
24 108
139 119
149 238
40 163
187 148
69 58
126 119
35 148
71 122
44 74
101 104
103 248
212 79
33 173
7 236
62 151
69 180
1 200
44 22
138 182
124 177
68 131
181 132
38 236
30 98
243 239
29 122
84 61
18 240
185 13
86 181
13 177
58 112
213 131
95 189
231 84
234 65
176 67
191 52
176 130
201 114
178 46
126 198
82 63
246 10
100 217
157 168
64 118
65 234
221 18
100 226
171 206
137 29
195 176
81 37
193 241
123 70
10 223
181 149
21 222
40 100
83 141
66 83
142 209
195 152
145 2
36 75
42 53
41 232
177 11
248 241
142 83
126 143
59 89
170 56
52 131
88 225
95 127
99 1
142 246
101 100
113 58
118 38
244 45
16 1
48 176
107 238
38 187
30 117
98 86
80 64
117 135
81 211
103 130
225 34
184 61
183 27
101 96
33 140
101 105
185 155
73 234
87 82
108 159
41 33
238 110
71 214
189 155
54 22
218 4
164 62
141 140
87 6
78 147
139 129
134 159
0 51
206 34
238 143
148 118
78 109
12 196
102 32
20 164
91 225
19 25
35 44
113 119
33 20
95 134
32 100
97 230
160 8
4 168
34 80
232 186
114 41
242 52
141 215
6 192
224 7
217 16
82 220
145 142
100 29
41 238
246 108
80 122
147 204
201 150
96 230
229 199
97 116
114 88
189 97
221 153
10 152
103 233
215 114
197 211
177 70
147 198
222 159
229 123
0 198
162 208
122 80
163 150
248 199
14 64
199 36
241 47
84 109
71 75
190 54
8 219
224 61
179 239
155 22
170 165
31 175
113 136
112 232
94 148
129 188
147 6
75 233
114 154
200 195
68 106
51 109
51 138
165 138
56 191
128 7
114 199
5 154
174 209
200 18
104 193
188 148
219 19
233 123
44 219
135 181
115 31
242 28
127 28
209 112
164 54
128 68
4 107
121 196
244 243
52 152
131 171
17 119
62 238
66 230
234 123
26 171
230 38
178 185
191 70
24 71
241 50
221 46
105 169
199 184
145 79
199 40
225 218
155 59
40 87
13 229
153 177
193 108
86 46
144 82
20 181
62 155
17 192
127 115
168 217
130 215
9 8
45 80
171 213
232 120
230 158
56 104
95 119
133 18
121 5
66 25
102 4
225 250
60 142
197 101
115 150
58 81
245 185
12 210
124 68
234 51
141 156
153 35
166 99
237 19
177 143
52 111
79 152
9 232
101 88
114 56
15 241
35 250
195 129
118 65
135 120
93 221
243 17
96 31
245 147
145 129
44 183
21 224
0 180
195 186
84 145
167 153
73 81
90 59
9 186
155 149
165 56
158 17
171 35
171 237
40 183
187 31
123 52
218 225
88 217
15 56
162 176
81 158
88 75
180 132
150 115
182 13
83 138
37 135
143 130
90 1
246 238
238 159
61 184
208 198
145 173
119 241
190 86
193 32
38 203
56 91
47 231
76 238
136 136
201 234
77 136
201 146
245 114
99 15
32 73
23 118
135 168
250 114
232 146
178 181
75 247
105 89
43 43
48 15
52 80
67 191
197 171
110 130
230 189
64 202
51 212
48 7
164 194
20 133
112 6
44 65
144 23
133 134
147 145
176 107
35 172
65 24
27 233
170 31
58 162
106 32
30 88
40 122
90 58
136 133
208 146
9 140
19 85
145 14
205 115
22 73
117 165
19 158
217 152
113 99
232 162
206 156
231 224
124 153
184 131
111 177
182 249
179 193
27 204
227 235
26 234
115 196
136 6
248 95
207 143
199 139
56 149
226 249
98 146
186 227
220 48
29 7
97 189
34 244
75 42
26 88
174 50
182 108
15 117
181 10
132 74
181 199
125 69
177 22
43 161
32 76
138 201
41 198
226 164
176 36
140 179
108 203
177 218
191 179
184 150
80 137
241 87
225 68
157 198
147 194
164 76
193 128
70 82
123 106
104 186
149 64
94 3
42 249
52 157
118 36
187 153
111 77
11 236
80 129
42 25
174 209
172 216
37 162
23 142
113 173
6 140
66 66
240 57
169 165
214 82
80 139
247 68
213 81
79 178
162 173
169 231
15 202
19 220
39 83
144 127
54 204
211 65
59 88
130 62
175 30
3 250
110 227
110 120
134 148
96 234
153 225
148 208
5 16
161 198
25 27
180 182
159 249
156 206
214 193
33 235
12 189
234 179
125 11
107 199
130 185
232 237
4 49
138 195
135 219
46 163
116 33
130 140
210 201
118 64
45 222
163 193
247 20
232 104
148 40
111 19
131 195
67 190
58 196
222 192
134 133
43 166
212 73
223 140
173 89
73 37
181 233
225 91
43 206
72 15
142 105
74 40
27 93
9 118
165 43
220 92
248 172
169 130
68 183
9 236
88 102
249 218
96 219
188 68
30 105
160 165
180 23
74 122
126 164
168 89
160 15
204 44
178 181
180 142
170 85
107 86
6 228
187 56
209 216
154 45
86 33
107 187
119 240
214 186
92 176
69 151
223 93
145 104
96 145
34 239
171 27
244 120
63 132
86 146
218 104
189 43
155 147
184 87
220 221
201 162
225 100
110 197
123 82
207 3
51 108
56 172
93 31
244 239
181 212
221 14
92 222
148 244
190 38
68 49
3 174
43 81
9 59
44 116
101 108
9 14
129 65
7 169
12 13
93 64
187 135
176 127
92 150
19 248
200 153
224 9
209 59
150 21
32 209
211 53
196 15
110 32
215 39
230 60
100 112
84 179
247 20
64 248
85 97
189 216
244 56
27 132
48 109
239 120
201 159
175 14
170 81
137 148
3 49
82 70
204 97
225 165
165 13
229 33
164 61
210 221
89 3
93 144
37 241
134 133
19 175
186 35
44 160
106 70
92 31
36 187
208 168
164 198
75 28
111 56
82 0
232 234
28 125
129 178
154 71
56 127
188 10
113 53
153 194
183 223
44 31
44 211
134 170
114 5
188 98
142 216
80 161
191 168
113 249
175 125
42 163
75 6
219 107
218 131
158 1
82 61
197 161
187 20
64 33
242 101
203 70
96 23
126 83
217 153
71 200
3 13
94 103
78 242
167 83
30 131
11 63
193 8
172 12
148 203
76 40
124 155
142 114
222 213
246 179
142 215
209 40
183 157
9 171
96 121
32 217
152 53
49 1
97 30
119 161
196 25
51 54
199 208
18 185
175 114
71 187
5 62
50 197
77 49
77 140
69 66
216 127
88 14
155 87
239 109
245 211
159 115
116 191
0 85
105 41
57 9
175 209
123 42
83 184
80 13
73 249
186 71
243 79
107 111
41 247
127 53
116 16
109 199
206 86
69 141
229 182
237 184
15 83
39 215
20 60
250 55
104 160
148 117
102 74
29 163
109 84
23 214
201 75
12 162
81 96
127 0
141 48
159 118
112 243
91 102
87 40
176 70
210 110
42 214
228 81
93 25
161 82
140 12
76 28
24 74
117 56
191 211
94 103
149 100
177 73
172 171
118 234
241 17
61 142
194 104
110 145
158 72
20 200
11 71
110 9
230 123
146 211
188 39
214 56
183 192
139 22
19 20
203 18
177 120
240 147
92 114
192 102
74 59
8 211
93 214
101 16
8 46
199 27
93 51
78 222
242 114
187 32
111 19
77 171
215 0
205 153
194 40
127 168
50 226
150 114
24 45
198 63
37 55
205 9
79 224
39 74
145 218
147 182
206 39
144 223
223 159
76 196
101 237
173 99
186 194
22 244
40 106
68 39
132 45
163 60
50 210
109 60
49 229
132 78
73 39
230 42
119 53
213 42
26 173
214 249
14 25
22 116
176 212
79 1
123 79
210 76
76 107
182 147
250 99
242 212
172 65
220 202
3 84
198 117
1 35
222 121
167 29
72 162
39 78
104 186
228 56
192 94
232 135
153 124
17 175
197 164
21 105
159 144
87 132
37 38
13 106
66 39
162 184
1 186
45 170
213 65
79 118
25 236
62 16
141 80
36 57
208 15
131 16
118 34
37 57
32 5
228 136
186 196
198 195
60 192
126 56
207 129
92 172
46 182
169 156
38 247
64 208
197 26
34 243
53 247
225 114
100 171
138 16
98 19
101 54
172 167
165 18
112 134
92 130
243 69
129 216
77 51
25 203
185 20
25 42
187 38
199 51
117 250
12 214
16 120
117 82
21 19
226 51
138 69
117 26
202 28
51 230
16 190
104 233
43 202
242 94
54 204
100 143
68 153
110 242
200 130
197 184
115 179
44 157
30 150
52 14
209 145
145 227
22 5
56 114
232 83
248 175
217 198
9 168
24 246
202 64
187 36
228 43
29 188
175 17
229 165
76 136
199 17
231 70
129 83
211 109
192 174
61 107
93 85
73 57
158 246
124 221
67 53
40 49
74 57
197 234
49 14
121 156
164 26
9 67
194 215
226 175
243 17
236 227
20 42
174 26
153 47
211 160
105 10
37 34
50 24
164 94
172 193
5 136
17 174
117 96
20 155
116 173
121 157
69 239
11 244
16 118
139 151
205 55
142 90
151 211
223 82
59 76
137 198
237 55
180 102
108 184
219 71
117 105
114 174
154 112
249 3
168 178
59 66
233 43
105 121
95 26
194 82
96 177
148 88
77 248
234 233
71 158
88 129
210 172
119 22
97 66
172 96
23 118
78 147
199 61
100 161
125 170
182 162
233 199
126 232
199 242
6 19
197 73
213 6
241 168
71 157
138 228
50 176
11 157
170 164
108 206
186 185
235 44
218 176
206 3
97 69
18 175
153 200
229 15
99 10
222 189
215 195
114 226
50 223
171 244
176 136
214 194
92 201
86 241
49 170
232 133
8 162
3 177
75 143
121 47
191 162
74 61
181 21
163 127
152 105
199 176
177 63
10 22
187 5
107 2
157 146
227 45
222 41
106 205
130 238
95 123
57 203
2 33
25 31
133 217
244 100
152 146
136 147
195 152
236 12
226 236
75 198
60 112
34 83
219 95
235 199
54 111
85 213
142 249
88 86
37 173
237 75
224 204
135 218
250 99
16 215
74 90
197 40
165 110
204 250
225 198
229 185
44 236
5 135
110 26
104 122
219 117
32 13
214 83
151 75
95 49
75 117
37 153
19 134
122 165
8 186
216 39
122 118
65 147
233 218
25 187
114 100
181 55
195 168
47 84
203 38
62 69
213 69
228 239
156 235
102 154
53 247
242 141
243 116
2 155
1 172
22 105
163 154
7 14
106 160
43 8
173 51
192 101
202 215
179 233
229 51
48 173
161 151
142 58
27 102
193 94
210 150
215 213
18 70
153 58
51 96
81 192
145 125
147 36
175 5
185 111
248 65
38 158
175 68
48 21
237 75
186 57
234 191
171 199
189 224
146 22
78 50
138 128
117 78
81 38
102 224
76 137
166 71
68 213
127 35
192 35
59 237
106 231
13 6
250 126
20 75
114 53
5 1
145 220
2 213
44 228
232 20
158 70
43 126
99 20
50 163
14 193
33 10
244 14
79 223
245 96
175 161
63 152
180 177
231 39
230 141
203 83
113 43
68 59
3 0
7 148
234 1
69 136
182 171
53 58
249 147
77 44
62 16
73 45
171 169
250 152
7 133
241 157
57 18
107 90
185 57
175 87
183 64
134 154
30 183
70 122
165 60
40 231
156 64
40 190
132 181
123 31
155 157
40 116
179 178
228 168
157 142
113 90
70 233
159 96
51 188
219 28
36 168
163 82
231 148
120 105
248 112
244 135
63 35
8 80
155 222
141 92
216 216
70 32
87 111
73 154
12 46
64 231
152 46
125 185
57 16
34 101
244 87
122 183
71 47
202 179
42 190
144 221
28 101
250 135
22 66
23 69
163 143
243 132
211 81
41 37
185 239
203 195
131 195
149 55
115 0
5 66
83 44
13 118
53 110
150 27
119 199
138 30
3 151
118 223
24 129
13 42
42 174
208 41
162 74
209 208
23 20
78 78
152 123
125 163
26 69
99 170
34 166
237 144
35 27
6 227
27 203
15 56
206 110
63 140
129 179
62 168
122 72
85 102
129 26
31 185
183 102
167 146
115 170
191 74
200 95
46 130
140 4
199 156
86 63
147 105
56 166
47 94
117 102
84 128
100 106
63 136
20 221
0 245
90 31
82 106
190 101
191 13
33 6
51 249
247 217
31 13
0 97
122 122
209 18
122 8
86 9
133 94
14 139
83 187
209 202
44 57
178 212
235 200
96 136
186 203
72 224
87 91
246 134
1 46
235 35
226 81
103 161
229 58
158 149
60 226
7 148
87 42
215 2
201 239
110 123
103 175
207 223
188 113
211 122
224 163
162 210
148 126
101 0
212 76
32 232
65 213
27 64
190 87
128 112
33 160
167 179
64 178
113 76
246 218
139 220
226 159
21 16
146 183
179 235
182 219
209 89
144 248
166 245
31 20
74 149
166 3
47 112
91 144
235 151
11 36
61 154
26 250
161 16
60 35
217 77
72 134
128 39
228 89
139 139
70 107
122 6
240 218
62 13
86 113
78 133
48 215
47 244
90 121
194 118
55 37
247 211
240 155
152 72
191 88
63 10
74 240
124 183
183 117
22 46
139 47
102 50
188 52
207 240
206 144
249 60
46 70
27 177
220 6
144 7
67 123
80 145
117 203
178 153
205 218
161 51
136 130
38 19
202 32
192 36
96 15
8 25
64 105
100 217
193 120
87 167
89 5
64 187
32 236
189 182
71 133
123 202
209 246
103 103
13 185
112 178
132 138
240 29
242 34
136 111
213 243
192 112
166 18
44 157
156 88
245 23
124 66
123 214
34 195
82 201
17 60
54 116
177 124
1 234
34 190
8 206
105 82
57 37
146 139
8 184
242 27
210 243
163 140
128 175
3 249
44 213
217 96
147 169
162 15
191 103
106 145
26 229
207 15
22 223
173 132
205 134
221 43
235 120
10 16
181 120
107 144
77 132
186 52
102 30
96 63
103 114
83 222
174 63
134 101
101 33
208 1
56 124
152 223
63 182
32 65
172 212
7 67
110 138
91 151
61 13
120 105
204 198
150 154
250 62
225 222
1 105
92 52
90 68
90 13
241 159
198 203
147 241
15 230
9 172
186 87
152 36
52 56
123 61
126 165
225 138
228 69
100 75
235 74
96 64
202 35
215 96
218 213
20 30
52 200
147 37
180 71
140 99
191 221
63 137
166 127
55 211
90 250
76 153
8 22
47 86
77 127
121 25
131 137
70 195
73 163
127 190
31 44
46 126
64 215
117 83
182 243
95 244
22 249
138 78
27 237
249 123
231 183
126 140
61 85
38 8
14 77
237 61
192 76
206 170
22 158
172 146
148 141
181 123
187 99
69 160
89 27
73 239
80 201
44 112
53 159
182 166
90 72
175 15
84 243
58 247
189 186
39 28
86 98
81 64
12 229
194 158
202 249
220 131
204 193
129 179
171 25
210 45
196 168
67 76
248 140
86 142
200 173
61 153
108 67
42 185
16 21
231 158
82 123
182 160
40 196
34 37
130 19
10 32
151 152
27 218
107 144
7 18
188 129
96 191
34 67
180 3
211 235
216 42
172 99
11 96
82 217
31 129
240 157
91 137
132 241
242 127
159 217
108 90
91 79
147 213
117 136
194 54
142 78
137 227
51 90
98 135
95 71
169 92
138 203
125 54
26 165
214 6
60 39
208 88
140 60
71 76
125 16
85 72
161 46
169 227
122 67
179 130
71 246
128 39
85 51
246 98
248 219
88 202
24 226
121 145
30 66
151 155
34 84
216 242
65 164
157 171
156 156
108 96
45 222
236 179
196 107
79 127
127 43
67 109
193 27
108 56
194 138
175 248
166 202
8 213
41 74
113 193
30 234
47 82
240 150
182 148
247 173
117 182
162 48
121 81
6 75
200 120
2 52
82 123
109 235
233 244
235 163
75 212
170 221
91 190
162 173
204 159
131 235
81 13
95 108
62 93
9 233
131 52
88 23
185 106
108 71
66 114
142 75
12 88
43 103
229 228
109 152
110 124
243 57
212 11
141 143
114 144
80 219
115 147
235 97
88 158
61 27
60 43
188 73
193 242
245 211
244 142
172 173
38 51
206 203
171 148
124 208
118 54
218 168
174 54
154 211
163 24
140 195
105 133
231 145
185 132
243 203
229 193
243 147
193 158
79 11
211 184
85 151
99 31
9 85
182 118
184 66
188 184
9 92
226 185
88 160
47 110
162 143
175 136
215 165
182 54
175 90
229 160
245 76
22 162
137 4
143 32
221 129
196 5
53 211
22 242
124 66
8 75
83 37
93 172
111 41
246 19
231 120
159 197
124 230
211 88
45 102
156 15
109 92
99 184
96 244
219 79
221 175
8 108
69 171
187 7
179 99
55 173
250 44
138 182
203 129
246 207
31 155
77 250
12 88
247 179
214 199
28 240
176 7
220 210
56 108
40 136
78 56
56 197
29 51
12 5
192 198
5 109
184 173
98 72
44 110
218 62
199 189
238 214
192 45
84 79
89 98
9 200
61 20
133 92
248 229
243 214
121 131
75 62
26 84
172 37
69 114
246 3
162 179
197 206
94 133
183 161
44 72
208 139
85 57
10 96
208 77
223 133
166 133
84 0
185 42
14 131
82 156
27 48
102 221
19 4
127 210
87 199
85 63
110 158
89 50
89 206
115 114
170 53
18 52
68 135
109 95
50 66
106 27
224 177
9 227
71 86
16 202
236 128
73 60
212 216
209 107
81 10
191 244
247 243
139 86
210 189
173 78
50 193
60 119
197 169
239 153
236 89
88 25
165 65
3 201
138 211
152 249
156 235
217 139
101 149
181 2
23 38
37 145
194 218
145 225
115 200
119 11
19 150
44 182
139 9
129 114
105 6
124 75
142 182
219 17
107 134
65 63
23 103
190 24
225 0
42 50
248 5
57 144
74 249
129 19
99 60
117 134
182 186
105 65
240 132
77 11
149 222
66 40
31 146
117 1
72 171
246 233
249 39
86 36
72 218
167 21
134 189
179 39
121 184
221 75
225 195
191 149
109 133
152 111
131 130
238 46
81 187
207 91
100 161
97 229
207 180
59 96
213 99
26 170
234 224
123 13
62 225
190 231
31 88
16 246
159 73
214 176
174 215
132 242
144 120
157 157
184 241
51 217
39 221
83 117
92 41
34 171
210 10
168 107
32 204
176 205
145 142
57 95
19 221
82 27
5 166
152 133
163 204
146 58
244 161
154 32
215 133
22 75
200 212
104 215
86 115
88 195
180 90
183 144
248 34
44 6
47 206
113 208
91 135
103 105
91 212
105 22
130 55
220 70
28 41
161 82
187 163
47 234
15 236
89 28
118 156
210 96
40 26
128 121
93 227
201 232
48 134
107 189
191 29
39 175
10 163
232 131
131 233
193 247
220 248
124 145
93 23
190 225
2 234
41 135
201 42
234 158
118 248
32 104
97 65
163 24
173 94
84 24
134 209
185 192
56 130
105 6
58 130
43 177
198 197
175 131
105 94
113 131
150 171
30 133
54 194
57 44
174 100
26 35
150 36
158 122
25 226
210 149
48 73
47 134
8 99
89 79
181 164
183 53
42 24
94 40
150 48
7 196
69 152
226 55
107 125
172 115
94 123
93 205
198 44
53 116
184 8
218 243
122 98
105 55
107 177
248 25
209 24
19 177
86 223
81 20
213 91
69 134
90 228
95 104
57 241
183 65
122 151
132 176
228 218
41 203
106 166
216 100
100 222
74 100
170 44
234 243
70 20
31 193
224 175
42 113
163 23
114 22
115 61
4 243
157 128
224 219
242 246
230 128
235 20
125 58
142 30
87 193
223 83
105 145
48 249
41 232
79 99
11 170
105 97
239 108
11 169
86 119
177 30
171 152
11 35
191 101
25 22
91 192
250 212
249 66
143 45
42 96
88 46
161 122
125 213
174 38
7 242
167 130
226 234
226 73
197 55
111 141
125 229
126 244
47 156
90 162
43 125
36 42
201 91
59 222
145 236
72 28
183 185
76 48
67 228
82 18
63 144
116 214
3 122
230 50
98 62
133 57
109 81
111 220
11 43
23 158
100 132
129 198
49 115
26 220
54 143
137 112
106 16
136 237
118 18
9 250
199 150
119 66
248 25
28 213
247 91
209 133
100 24
130 167
128 236
222 33
214 232
89 85
24 143
18 63
11 220
216 159
231 195
119 122
167 149
25 195
34 45
223 118
24 159
193 160
176 32
167 160
87 48
233 112
21 164
208 81
107 142
127 169
206 153
144 65
136 240
207 129
32 150
85 76
248 72
155 120
109 64
145 172
75 207
44 106
238 14
113 134
194 188
46 161
61 19
163 127
92 162
52 179
218 32
75 135
12 125
247 8
117 67
178 176
161 146
249 4
96 247
178 108
204 57
46 33
69 52
92 70
250 228
234 64
26 176
3 244
136 19
73 77
236 244
240 6
53 30
173 34
147 122
65 120
228 208
129 26
163 181
178 226
239 211
145 57
60 60
143 207
163 25
144 125
83 73
241 173
85 25
180 158
113 174
221 19
63 216
144 163
133 240
209 146
158 155
173 116
44 5
221 135
14 133
66 196
86 36
191 199
81 75
31 116
246 221
162 17
123 162
42 233
175 200
26 24
203 104
68 68
186 220
132 9
43 22
107 1
28 206
93 147
205 81
96 175
41 247
84 187
54 155
115 66
138 223
39 49
157 189
173 222
181 92
184 210
112 39
71 3
110 64
197 182
168 139
101 45
135 177
34 18
50 56
207 16
214 221
23 233
211 56
120 214
151 98
72 124
64 215
188 241
135 230
89 24
163 136
46 115
169 30
239 170
175 17
138 59
148 113
217 29
40 69
212 0
133 12
182 145
64 56
1 157
90 206
216 11
82 237
47 29
42 239
104 78
88 236
243 71
4 241
239 169
242 177
138 207
191 156
74 107
20 33
22 4
51 59
21 83
188 205
99 211
243 187
60 201
213 188
245 103
238 32
68 19
89 127
212 116
201 127
175 129
190 246
144 164
240 228
168 210
62 29
10 240
127 139
137 57
67 228
103 22
149 214
8 210
98 45
0 241
130 22
89 221
118 213
67 185
102 163
185 46
27 27
170 129
223 243
123 3
246 77
107 19
176 208
97 20
12 73
90 103
8 146
67 242
151 1
182 61
147 8
201 8
12 21
85 195
89 229
0 76
26 58
141 200
83 216
69 230
150 241
203 108
228 240
232 76
129 173
250 143
82 128
103 209
151 188
180 48
141 140
250 103
51 12
217 16
8 40
62 79
132 68
21 53
172 203
147 231
233 15
18 73
178 101
168 169
222 68
148 65
43 193
248 171
101 141
48 161
143 18
66 180
68 177
247 250
85 8
20 52
160 182
130 18
152 113
147 14
209 36
40 170
248 8
61 212
23 52
164 41
149 173
160 93
223 136
129 2
8 250
246 119
77 46
166 35
106 167
77 193
4 96
129 35
96 14
212 219
1 144
105 81
151 147
196 37
34 72
67 84
29 61
117 42
208 123
212 214
169 124
107 23
135 174
155 115
232 64
212 189
32 67
200 155
4 39
27 95
107 65
64 198
1 51
143 172
118 56
227 164
162 61
171 153
89 143
32 225
16 146
113 0
172 93
146 99
146 169
6 248
242 65
241 130
167 192
208 47
176 227
166 152
194 242
11 153
145 120
26 212
175 60
61 80
171 141
178 77
190 46
92 49
238 129
40 32
29 71
145 203
66 12
244 240
93 208
104 116
248 128
149 246
43 139
67 154
6 177
20 201
241 183
211 157
184 121
124 232
156 236
189 24
38 36
204 23
133 112
214 135
119 222
81 36
199 82
121 242
148 226
162 124
173 121
163 26
223 140
200 67
151 217
2 232
200 44
215 250
237 108
38 47
136 87
29 207
68 233
20 159
49 109
13 230
107 15
60 144
247 97
142 22
16 24
157 216
140 39
24 21
176 43
50 159
182 189
43 150
147 106
178 36
191 128
109 236
15 184
198 151
29 201
180 33
112 104
238 96
212 82
162 129
93 86
168 106
6 116
7 60
172 249
173 99
26 97
72 234
178 125
5 143
64 161
198 18
219 27
104 154
135 23
54 172
156 43
173 51
195 187
54 19
2 89
209 49
243 46
136 146
31 169
83 249
120 134
182 79
244 124
96 127
130 31
23 116
187 20
176 169
205 41
235 194
196 169
85 65
160 227
250 138
9 138
34 125
33 55
143 74
80 230
167 220
185 112
78 81
95 161
16 99
30 170
72 80
125 230
34 188
135 160
194 31
57 36
109 45
49 15
212 141
77 12
142 3
210 27
118 204
7 79
179 105
226 230
218 13
28 182
20 42
9 214
164 89
218 130
25 4
60 59
104 48
17 184
127 147
7 145
154 138
157 70
73 116
126 243
169 127
198 125
215 208
152 189
3 195
72 203
12 212
80 109
60 108
198 131
202 231
155 122
21 147
170 242
229 28
224 217
7 54
66 63
249 201
68 41
214 27
190 92
214 195
105 97
125 40
140 135
134 74
33 183
196 164
94 107
192 0
220 35
240 68
248 133
155 17
6 5
245 28
136 49
123 127
39 89
189 208
206 245
82 180
163 7
38 64
53 173
83 11
105 229
211 9
218 162
46 56
102 60
147 232
181 151
131 78
138 44
148 53
67 99
47 108
66 14
113 174
214 238
46 222
229 83
151 114
104 195
146 192
234 172
144 110
28 31
50 209
14 192
178 201
230 152
102 249
26 149
176 36
213 224
134 87
195 197
16 177
51 223
186 3
162 97
117 15
207 205
46 218
153 213
202 186
38 24
121 206
152 13
109 157
166 18
130 34
106 162
105 104
167 147
61 122
86 194
37 191
154 222
41 227
237 229
48 240
184 174
57 149
142 103
90 169
40 108
54 29
181 167
2 144
127 125
150 12
192 211
50 178
117 78
172 78
50 65
11 46
166 48
195 81
37 32
165 160
231 24
232 85
38 174
214 143
146 92
223 16
155 181
19 78
206 25
203 86
66 222
12 194
72 55
131 183
22 30
13 3
207 111
145 106
193 177
78 234
48 9
102 31
225 160
147 21
184 212
10 44
197 55
124 83
156 67
57 19
226 227
119 43
88 65
108 51
152 145
153 167
79 164
3 116
89 117
182 189
126 91
60 140
245 170
158 8
228 118
228 87
138 116
95 9
57 74
62 142
244 101
71 79
243 32
157 32
72 148
246 82
212 194
102 142
191 208
183 206
231 225
151 32
101 65
114 36
64 242
43 72
91 202
78 182
22 210
159 169
21 27
80 215
138 224
58 182
129 89
37 115
162 151
211 40
120 25
58 15
72 239
174 146
39 11
149 116
96 238
138 28
141 32
159 73
109 156
229 190
112 156
232 164
165 44
110 93
242 157
114 244
11 105
111 152
175 70
140 214
183 180
206 22
27 167
21 225
4 218
15 76
167 13
211 122
124 247
18 8
7 168
229 88
32 143
69 56
229 124
174 152
136 187
78 5
150 210
77 15
170 126
222 74
166 30
160 209
184 194
204 104
177 133
32 197
23 158
118 122
3 10
213 116
45 202
104 209
140 203
35 20
77 156
173 1
225 58
62 158
53 185
67 114
133 65
209 166
30 196
173 15
246 189
77 204
41 146
120 124
48 224
18 123
131 101
158 166
9 171
30 94
201 101
214 4
50 161
174 139
84 238
225 174
27 24
1 77
220 242
11 235
78 212
192 8
30 133
200 91
34 184
212 211
210 173
79 248
13 237
86 139
175 149
57 240
247 231
168 220
137 194
164 102
1 161
19 197
73 18
61 146
82 165
52 13
68 125
139 24
141 142
64 239
191 64
98 56
170 80
121 232
115 42
210 177
93 89
68 194
182 229
47 17
178 234
238 125
165 143
8 56
93 71
0 127
147 192
226 125
167 20
153 129
89 228
1 86
111 191
194 166
116 221
159 121
184 49
130 1
155 6
186 21
187 30
244 239
25 45
58 94
227 35
89 13
85 101
197 151
58 130
23 57
244 123
110 201
92 218
176 69
53 230
45 156
137 215
166 6
218 58
92 150
97 68
25 226
152 153
102 197
194 172
30 131
133 96
121 92
156 239
56 30
119 53
150 17
175 224
135 77
214 76
88 167
99 46
138 94
72 72
127 237
105 98
125 155
62 82
44 105
114 213
155 130
69 202
206 182
56 124
156 20
200 139
245 190
121 32
142 150
213 105
220 143
95 113
241 135
244 8
25 28
13 127
193 231
113 9
111 125
44 66
102 28
155 70
125 1
104 130
23 96
132 175
34 67
28 138
69 185
7 182
78 235
44 212
70 69
208 94
151 105
83 229
117 155
240 79
149 94
87 170
125 242
159 10
152 154
140 115
48 20
112 161
41 47
138 128
152 18
220 188
239 116
113 114
220 154
194 72
26 22
12 72
217 11
204 180
238 3
131 225
74 169
147 174
13 216
220 126
20 149
151 130
42 122
13 122
247 204
11 122
237 78
222 122
144 12
28 118
242 31
3 64
210 137
233 205
106 196
213 193
164 178
83 219
180 191
204 106
246 200
21 133
195 164
171 144
147 133
222 218
158 125
105 62
124 123
204 19
133 41
156 241
22 211
19 58
6 159
101 121
199 193
209 88
191 199
211 29
184 204
82 52
147 80
50 129
225 170
104 120
230 115
196 94
30 0
246 149
223 86
238 156
138 230
147 242
148 208
7 99
67 88
88 98
14 96
29 22
145 34
137 42
96 63
237 144
10 102
202 78
77 159
73 141
123 203
153 153
169 117
231 139
25 68
217 17
12 0
145 114
209 170
15 137
47 12
190 42
88 12
134 227
246 203
210 5
61 91
76 44
108 46
23 125
13 34
77 40
71 216
232 215
149 141
243 194
133 228
27 7
22 140
145 142
221 192
249 159
83 250
183 107
135 44
245 153
189 178
38 117
102 63
62 236
148 178
114 241
24 213
65 214
133 66
18 160
14 171
96 44
166 18
137 198
193 192
218 212
224 142
32 240
212 45
97 166
105 146
233 13
156 37
173 182
35 205
239 163
57 122
31 80
217 115
89 209
126 21
175 177
105 19
179 168
93 110
99 217
90 244
172 0
97 108
232 1
204 223
214 78
183 107
102 238
201 56
234 29
107 100
24 130
206 86
191 126
214 192
243 36
100 40
221 138
82 47
240 49
151 146
26 241
248 143
37 33
247 14
112 125
140 115
58 145
96 214
247 133
186 143
222 49
93 218
166 184
229 37
189 250
245 227
9 192
229 158
199 154
138 73
99 41
78 146
158 111
93 240
240 172
233 223
48 94
22 156
19 64
157 119
211 65
37 35
133 56
50 160
214 57
107 130
223 200
209 17
160 197
7 82
2 238
0 246
155 71
195 36
204 141
22 224
133 172
242 205
245 44
214 211
174 93
238 243
169 22
27 130
198 235
109 248
233 225
197 103
36 38
11 167
200 51
244 9
216 6
200 144
173 45
62 131
39 221
132 94
74 92
129 105
63 62
33 240
51 25
183 231
197 3
241 86
79 217
179 228
5 48
84 5
249 65
25 2
31 206
27 164
18 229
85 133
226 200
48 230
68 245
136 12
123 191
190 249
156 207
36 146
189 49
27 120
90 195
139 103
8 11
225 96
177 18
244 70
2 220
117 201
102 241
77 36
184 12
151 193
150 56
137 197
113 69
219 237
51 119
192 112
128 67
93 139
187 191
133 249
152 127
200 61
1 135
139 24
47 53
74 67
187 234
151 219
205 36
50 120
95 90
235 84
144 41
143 130
59 15
92 72
168 158
160 235
120 22
9 163
123 132
198 130
151 66
92 174
113 172
81 110
217 104
162 239
173 48
203 191
200 62
247 74
74 152
151 51
63 236
23 152
88 148
230 80
38 4
80 116
124 65
68 29
97 106
174 47
16 193
221 170
231 146
90 64
68 71
153 33
95 250
220 239
149 243
41 31
35 123
39 176
29 2
61 33
64 39
86 98
126 130
113 123
142 99
84 179
85 10
109 142
84 63
232 185
195 72
205 2
163 225
232 207
16 204
199 108
211 196
172 113
250 7
201 120
71 83
210 9
33 186
37 237
232 205
41 185
48 2
63 142
88 144
70 164
155 196
141 155
47 44
20 59
19 123
16 244
6 91
26 135
196 106
112 161
113 175
131 146
115 143
240 106
66 92
29 41
135 62
119 65
8 86
48 6
159 236
63 78
78 79
186 87
159 172
20 141
150 86
24 217
180 199
22 198
23 192
221 98
232 56
199 49
96 73
210 177
188 220
169 50
17 88
226 99
152 40
99 116
128 32
89 58
7 46
109 179
154 18
93 56
152 236
53 2
116 239
110 169
67 157
124 125
82 85
222 250
210 45
101 179
214 197
124 30
56 245
35 119
240 149
9 40
61 166
0 60
113 214
245 201
201 136
132 111
96 142
82 0
34 86
111 46
66 61
126 93
215 231
162 19
148 84
70 202
187 73
90 120
111 148
109 164
128 55
190 26
222 196
38 122
214 48
152 157
193 194
223 206
220 95
45 106
11 95
215 103
68 236
142 195
115 106
240 225
33 77
159 59
245 93
93 139
170 33
89 63
225 213
37 54
193 202
108 133
159 247
9 165
90 43
223 168
76 88
55 182
33 190
250 120
219 18
15 202
4 109
25 81
13 92
154 169
131 103
78 118
172 83
52 129
11 195
209 118
132 205
75 217
54 194
118 211
43 191
100 36
224 55
83 127
148 198
102 123
161 190
243 203
60 31
214 27
45 228
228 247
102 60
158 129
195 89
138 145
46 225
134 153
27 26
62 212
82 45
168 45
195 124
152 95
201 182
139 5
226 13
20 51
75 152
60 0
22 138
151 6
91 111
194 192
196 96
60 98
16 144
248 49
175 44
35 57
198 102
1 74
128 166
156 195
243 104
78 206
28 206
50 141
51 196
79 185
3 246
47 130
119 157
210 120
139 105
210 153
75 171
95 75
250 21
114 183
109 25
205 23
140 36
69 78
68 138
160 131
115 91
149 45
90 163
129 27
236 201
8 7
40 104
108 165
142 177
37 192
100 193
86 103
150 148
106 166
228 149
113 235
106 3
154 119
12 18
149 98
142 35
57 45
181 93
197 23
243 131
92 225
222 71
40 105
175 186
4 94
60 6
194 168
186 215
147 169
94 217
217 205
97 39
232 50
177 75
7 137
113 233
162 214
18 132
28 34
131 112
133 102
104 5
93 47
34 64
93 64
245 52
22 145
21 169
174 50
135 183
27 240
132 233
158 153
201 186
53 86
141 224
5 245
219 248
101 221
45 238
91 54
192 207
214 117
161 110
212 214
180 130
167 117
186 96
25 35
220 92
1 15
59 189
215 171
7 67
237 20
68 126
191 107
147 181
116 32
19 107
2 179
203 110
140 61
11 10
59 47
101 11
166 20
228 185
94 115
249 114
202 46
193 55
232 224
178 36
81 69
118 21
16 178
175 0
41 36
80 16
0 34
216 210
214 221
38 93
24 238
70 69
164 199
181 90
146 179
77 58
23 210
55 98
93 32
16 141
120 116
46 133
95 49
17 73
204 102
137 17
96 123
204 12
158 74
121 180
22 80
98 185
234 30
37 123
161 89
40 69
179 242
91 8
206 6
150 172
71 107
67 147
90 75
2 56
83 94
37 154
2 200
26 27
20 60
152 179
1 13
104 90
228 115
135 213
108 94
99 210
197 26
14 180
215 189
45 235
106 90
158 22
183 158
216 177
243 83
243 34
140 7
33 250
48 106
168 192
174 74
234 22
12 75
139 115
22 59
12 216
119 107
13 181
249 58
225 224
8 65
4 246
193 5
30 158
176 7
126 101
66 143
207 136
85 232
145 226
195 241
187 146
177 237
239 145
5 212
97 225
104 194
92 239
55 61
77 108
65 119
125 89
102 39
157 133
215 17
67 226
164 230
96 69
218 240
163 63
29 36
104 42
16 93
110 201
104 40
193 164
26 102
45 232
213 156
166 72
129 62
215 139
218 131
102 105
233 113
89 70
232 3
207 64
136 133
60 64
142 28
145 72
31 203
249 176
180 186
131 59
206 127
155 176
177 43
59 207
223 18
153 223
29 77
196 212
192 150
175 243
227 68
193 110
65 203
145 67
179 14
17 230
154 17
61 217
140 85
211 124
135 208
245 141
235 106
44 151
109 32
182 121
12 60
130 179
73 174
89 130
175 84
73 163
222 136
3 192
150 40
79 175
78 93
205 206
199 132
136 89
193 162
220 221
1 55
130 90
47 151
214 39
110 19
125 65
79 246
128 168
18 189
110 184
211 233
134 230
241 101
148 192
239 217
156 38
239 93
82 180
160 89
218 22
235 21
79 105
192 202
209 86
148 225
128 104
39 163
25 142
226 27
231 175
142 221
114 182
164 106
236 83
121 47
198 47
179 99
155 30
224 49
228 112
193 99
189 44
226 188
233 199
138 81
114 0
95 73
133 111
112 53
176 156
12 234
177 22
112 197
73 148
121 79
110 92
74 237
143 102
8 246
4 219
147 207
57 187
196 65
101 247
230 233
114 220
245 44
222 157
150 118
57 206
9 189
50 50
118 161
99 103
5 77
116 187
12 154
41 161
66 136
120 213
17 189
45 28
116 111
208 143
174 139
204 65
137 227
148 153
169 68
68 64
68 239
53 122
170 160
139 223
142 24
216 33
24 131
142 242
175 104
48 43
146 184
235 154
16 4
85 60
128 85
168 169
244 121
190 128
40 30
8 228
58 60
35 151
137 137
181 137
203 207
122 29
177 140
39 47
16 18
38 197
63 87
156 194
129 49
241 183
209 169
100 240
89 37
243 3
128 194
199 155
82 171
214 93
84 36
135 88
130 79
147 95
194 144
206 63
0 116
42 134
7 103
108 222
176 213
141 177
142 181
44 141
133 211
138 249
96 41
249 112
100 83
220 1
212 237
238 230
141 169
108 182
224 0
100 65
36 68
125 117
203 27
197 19
1 189
71 116
158 201
144 212
122 161
216 159
188 22
203 82
1 227
86 201
145 4
79 223
178 174
118 78
247 87
159 8
96 0
142 169
206 225
8 48
8 82
250 14
140 140
160 88
21 2
120 47
132 160
160 144
224 175
18 49
22 30
4 241
165 49
111 128
172 113
145 131
128 53
19 223
175 199
124 5
6 180
235 182
35 229
103 55
63 0
22 178
111 77
111 172
199 131
90 105
235 47
52 165
64 70
140 88
234 180
185 11
20 110
154 173
9 130
186 213
99 146
169 198
29 198
110 29
145 22
179 194
180 138
134 175
246 107
24 207
220 95
164 41
205 0
21 169
69 57
45 237
165 235
42 161
76 18
105 11
190 95
51 203
82 241
202 246
109 50
33 111
6 125
21 76
103 170
137 66
3 59
175 16
186 198
226 27
213 9
72 86
231 212
41 68
24 103
209 76
54 158
114 169
20 240
24 179
180 172
135 25
72 180
176 97
10 190
84 111
206 74
125 92
57 74
44 183
213 50
153 178
181 215
250 165
38 5
188 53
249 237
5 68
245 90
35 71
207 92
150 112
8 49
14 184
143 222
77 45
170 108
65 78
18 83
166 246
127 218
36 151
133 14
244 249
67 149
29 249
102 213
220 188
203 84
228 237
30 202
16 25
68 70
92 125
202 37
91 190
106 79
181 242
38 37
39 9
165 193
234 10
123 224
117 201
125 32
235 153
191 167
49 23
26 186
30 29
150 86
117 188
12 122
230 237
189 237
225 108
7 95
148 163
241 180
54 198
114 162
217 123
100 117
199 71
224 238
201 13
228 135
60 60
174 90
230 161
152 14
65 48
224 93
100 182
218 168
93 97
25 240
132 28
13 96
69 175
138 110
183 19
59 96
122 232
133 193
216 63
247 192
216 233
40 186
156 138
29 57
64 127
165 237
29 156
78 87
78 192
53 155
168 95
42 173
36 144
23 221
83 9
250 55
137 175
66 242
189 220
96 227
139 143
94 231
21 33
221 5
15 32
61 25
75 20
92 215
160 0
132 221
88 82
183 56
247 92
183 104
185 83
231 153
79 97
124 69
210 155
99 150
167 112
65 83
74 165
194 17
249 33
224 52
93 53
42 4
56 12
90 204
60 9
137 198
154 89
213 110
126 89
223 214
154 236
91 182
248 90
73 10
99 147
86 221
103 68
208 225
95 203
34 215
42 142
122 9
66 197
136 149
170 33
123 0
69 117
149 13
115 47
219 21
89 123
0 77
58 101
108 145
194 136
153 106
213 68
40 125
9 249
221 187
139 9
121 74
42 223
57 91
230 197
31 141
159 55
12 235
15 37
18 219
92 60
208 188
187 19
172 40
162 216
96 109
60 170
51 56
119 128
74 6
190 45
189 206
1 117
181 229
18 236
186 49
220 136
78 56
177 13
239 37
185 74
189 47
0 193
157 152
94 72
5 247
186 140
246 209
234 190
75 237
175 52
17 68
246 184
45 73
10 194
110 53
168 85
144 166
194 193
146 66
33 110
184 5
9 76
27 102
152 24
137 109
63 97
14 69
221 239
151 74
118 204
99 234
118 241
141 91
6 157
102 10
103 169
81 92
148 156
105 211
158 27
142 111
37 162
237 191
58 160
141 57
206 150
221 177
193 189
94 219
52 166
184 39
88 172
44 30
190 170
233 89
84 249
105 148
202 141
170 241
13 109
175 85
91 230
91 202
37 0
138 47
68 200
226 76
211 232
213 94
54 79
219 139
8 171
176 60
226 41
235 142
157 138
97 193
7 114
221 170
39 171
159 180
94 7
38 154
49 101
81 110
22 247
70 64
100 30
71 146
231 149
25 150
164 57
181 37
87 138
78 48
67 82
101 170
118 44
226 46
64 93
163 129
214 27
186 157
63 175
160 56
6 8
175 142
129 208
196 53
79 120
202 105
116 95
43 117
181 107
35 228
139 147
188 205
35 113
193 189
44 107
226 55
15 132
173 165
157 110
19 76
141 18
114 105
44 250
22 250
127 171
73 40
75 165
103 228
246 231
124 149
17 248
191 192
62 196
9 94
128 24
69 93
154 77
11 152
193 213
55 200
88 45
70 204
142 224
131 148
248 71
124 177
143 115
23 215
227 199
6 210
64 236
69 72
198 118
114 64
210 115
198 242
245 12
104 97
122 167
136 87
118 53
44 220
82 79
240 93
157 59
62 152
85 0
206 12
8 248
247 189
142 243
109 215
104 127
88 117
209 42
183 154
244 44
240 26
95 165
53 6
229 143
210 237
213 27
164 157
153 164
220 192
204 245
137 217
40 3
40 163
40 37
28 211
229 186
109 98
230 42
250 249
62 43
84 147
204 132
13 134
202 234
151 196
169 224
62 90
18 208
70 74
146 167
140 46
91 34
70 83
9 38
22 188
85 78
197 115
147 222
53 204
117 140
196 72
106 179
112 88
219 17
45 177
211 36
128 188
17 59
29 38
140 244
123 246
150 28
95 222
129 26
246 174
108 46
59 198
32 120
87 226
33 188
39 246
103 229
125 38
179 119
43 221
76 34
62 88
220 139
180 220
234 48
25 123
202 65
111 110
209 115
166 122
193 96
18 95
249 56
89 39
171 83
243 233
208 183
24 80
216 58
36 20
170 100
66 137
16 105
5 18
221 148
176 179
138 29
158 33
11 34
217 15
210 136
205 6
232 239
234 171
129 47
111 188
109 107
192 142
47 62
232 73
16 42
190 18
244 93
189 98
109 193
141 71
35 144
162 43
39 136
102 128
85 195
209 113
30 228
48 235
187 190
228 83
62 122
39 43
224 26
215 43
134 82
64 74
45 135
191 8
127 96
119 25
121 61
61 57
192 232
176 225
64 114
149 89
152 42
1 0
59 80
77 207
173 230
11 110
93 196
178 146
199 95
129 201
36 171
109 43
193 146
188 118
92 160
236 33
223 129
14 138
82 181
57 88
136 190
37 94
37 93
231 177
27 198
182 206
192 8
143 240
195 13
104 26
66 167
141 179
209 218
190 86
3 124
121 54
171 46
22 238
218 66
245 135
68 185
133 131
65 119
160 215
103 189
174 164
13 159
232 234
172 161
53 193
95 102
209 4
30 38
70 81
184 149
134 163
154 14
33 99
145 193
105 32
213 111
52 235
219 146
80 95
214 235
11 14
192 177
28 174
169 86
94 193
247 42
144 47
34 168
10 109
160 168
211 226
135 209
77 105
36 239
125 90
164 199
236 150
108 233
22 199
76 216
135 21
231 238
172 246
37 10
238 189
160 242
24 51
241 31
243 172
190 216
33 150
126 1
250 106
139 36
157 93
243 229
137 14
115 1
190 57
136 145
52 1
181 5
61 32
191 239
56 203
211 199
186 201
234 241
125 239
191 86
176 141
168 230
54 23
57 53
20 79
33 57
75 10
114 59
245 207
117 245
56 207
26 65
74 54
148 105
79 164
24 186
201 10
33 185
39 216
202 112
246 89
54 54
177 128
230 189
187 175
44 217
95 187
175 117
42 164
192 134
168 176
162 192
89 61
238 149
222 15
136 242
12 168
225 51
68 120
224 209
103 105
55 126
201 133
0 37
7 144
207 53
0 211
250 222
180 179
21 216
241 186
62 123
156 241
203 17
239 74
228 194
18 100
188 187
120 225
32 100
91 54
151 165
168 250
121 96
111 243
198 142
14 241
183 108
37 225
103 163
229 186
51 109
153 180
193 174
36 82
106 218
177 68
170 198
74 203
4 245
152 202
65 168
9 237
69 40
62 226
170 171
71 158
33 61
81 212
190 88
129 79
166 196
116 34
95 113
160 104
123 138
193 240
93 105
170 1
149 141
59 151
219 123
137 16
106 97
233 85
185 3
72 6
145 243
95 130
180 0
186 87
205 57
248 3
111 87
239 220
172 128
156 61
114 24
217 58
54 178
8 192
118 58
153 234
243 53
87 181
221 130
143 238
23 172
175 163
243 218
230 116
39 32
197 242
132 208
116 120
107 112
52 167
153 164
137 249
6 183
209 86
6 119
144 71
90 232
215 191
54 34
190 85
106 151
130 5
215 45
31 115
239 184
69 236
128 170
35 216
163 188
88 172
207 180
67 91
127 161
208 20
58 137
97 235
140 0
206 147
213 211
40 8
36 128
144 70
118 3
192 47
171 190
221 208
114 80
158 78
8 232
5 39
50 206
143 72
44 132
178 97
77 177
228 28
178 195
102 108
194 42
31 156
90 217
59 208
231 200
147 9
43 67
126 76
147 46
21 141
56 58
161 139
59 69
166 99
192 204
220 144
210 109
140 230
87 8
17 135
173 213
228 242
143 26
19 119
148 249
9 226
174 111
124 121
39 180
13 35
43 15
144 0
26 204
27 52
160 205
148 174
9 18
114 234
33 32
23 167
97 209
158 224
92 48
60 204
72 45
241 3
248 25
4 12
83 98
95 122
198 19
180 139
200 53
62 244
157 70
141 207
77 158
99 57
137 50
221 82
107 163
26 176
169 1
148 128
70 58
182 237
15 155
119 18
69 124
32 152
76 131
217 66
14 181
54 65
109 220
152 138
131 234
16 220
226 24
184 100
195 244
121 214
216 9
66 165
170 121
195 213
41 85
126 234
53 14
191 211
86 156
171 92
26 102
218 214
30 41
151 227
207 194
40 59
19 166
99 56
28 95
194 213
235 153
35 73
155 87
180 135
202 155
12 40
25 96
86 57
1 43
51 95
218 35
55 213
155 144
49 50
239 38
77 21
120 113
71 208
87 206
25 125
141 167
109 94
224 196
48 28
118 4
173 173
27 164
30 56
217 67
17 189
81 245
195 88
20 57
179 148
171 239
38 29
190 0
71 166
172 107
130 46
85 229
122 54
244 64
202 241
79 176
48 229
113 183
13 234
103 47
176 115
229 126
145 205
54 45
119 118
53 82
240 98
220 94
44 156
0 52
115 61
18 186
136 107
7 48
203 115
148 209
169 56
220 154
234 99
18 172
13 109
219 3
191 178
94 16
99 111
0 188
79 113
168 152
211 99
187 26
32 145
5 37
42 68
146 160
117 119
121 71
68 46
20 192
14 237
140 17
216 128
43 151
41 21
217 203
29 227
30 105
39 114
233 29
210 114
153 131
33 215
203 11
36 58
238 230
200 23
62 74
100 30
214 211
7 86
62 1
72 193
31 246
0 188
20 175
50 49
95 199
165 82
230 201
218 207
214 101
131 138
247 93
155 80
64 216
23 238
70 233
19 14
26 114
42 125
8 34
244 204
99 43
40 100
84 172
194 54
123 193
116 203
94 209
28 114
24 136
40 145
189 144
125 81
146 73
20 209
97 38
176 216
242 166
99 179
26 36
222 38
150 139
234 169
97 139
72 195
126 156
62 106
23 238
173 116
55 23
82 200
190 9
87 157
144 92
91 240
220 56
31 113
102 212
72 250
5 235
198 62
39 135
241 63
17 103
123 220
176 77
249 239
169 66
187 201
115 0
24 148
110 170
238 187
184 156
246 159
52 116
118 143
87 21
126 101
165 5
53 137
124 22
17 99
22 125
6 32
227 245
10 54
8 148
177 73
112 194
241 1
165 80
15 140
42 52
111 181
249 162
235 77
57 26
37 171
127 180
39 188
162 192
159 161
30 147
249 206
126 42
124 238
191 138
247 9
126 5
180 178
187 51
91 27
32 175
120 64
118 148
211 111
239 73
184 100
72 152
157 94
222 182
245 203
123 226
156 51
179 145
240 38
29 170
63 178
173 192
56 95
167 162
19 204
54 116
237 228
68 84
112 46
197 2
64 146
194 134
153 29
49 247
96 47
105 124
13 81
3 1
0 90
178 99
231 52
157 120
9 69
183 49
3 152
74 202
170 165
131 154
250 100
1 3
110 230
13 207
135 197
193 234
235 188
42 141
142 160
182 209
78 70
219 245
60 11
233 199
130 79
69 9
40 198
145 83
2 175
180 215
31 152
64 163
2 72
146 128
177 174
38 50
248 0
238 66
199 172
21 181
48 205
173 36
199 4
191 103
218 139
108 36
64 74
145 107
148 43
16 148
131 193
96 162
40 60
92 132
217 50
77 198
223 124
174 198
90 110
204 216
127 229
59 147
154 65
71 125
189 245
142 202
186 167
105 131
144 63
191 122
82 125
74 50
72 60
90 188
28 89
94 192
60 34
210 168
65 241
250 226
116 166
178 122
160 63
49 135
149 207
92 209
230 122
148 161
194 62
23 169
88 196
80 181
15 214
202 62
48 24
51 226
244 25
155 180
57 170
41 190
196 81
68 226
201 71
146 79
116 132
188 157
114 151
187 144
95 76
214 246
197 152
46 191
113 9
109 130
177 203
202 205
179 69
54 204
95 46
62 196
102 212
238 249
35 100
198 246
99 80
109 205
176 18
148 215
124 27
232 148
23 247
130 65
48 76
68 139
233 248
191 8
108 186
166 109
85 34
21 114
248 33
143 11
67 49
222 190
49 158
175 21
232 213
219 197
227 17
62 170
116 198
124 228
114 206
100 28
120 130
158 149
207 71
43 186
40 94
138 72
61 63
