28 100
25 27
84 9
56 55
27 100
30 77
41 6
47 72
97 41
59 7
47 100
6 59
61 67
34 52
67 70
72 89
38 9
10 46
90 94
32 42
90 87
78 10
13 28
41 19
9 88
72 14
0 82
87 25
42 48
70 66
62 73
93 30
30 70
78 0
71 10
88 88
9 38
56 55
54 78
98 43
1 32
96 8
58 10
95 27
28 13
76 46
96 48
71 95
94 87
69 38
20 100
73 0
52 88
32 0
99 24
59 35
35 1
62 40
45 49
65 43
57 70
23 30
8 46
15 10
24 95
100 53
27 53
20 33
25 30
73 63
37 36
94 26
83 59
66 28
72 51
36 59
54 93
69 59
50 40
63 87
29 54
58 50
69 68
65 40
85 20
80 47
44 70
87 72
88 90
26 32
2 23
45 91
24 8
26 54
17 88
9 75
2 88
97 66
33 97
68 88
36 63
65 55
100 5
73 77
45 28
90 18
36 52
22 60
87 37
35 2
76 22
20 92
19 55
30 44
96 77
10 40
93 56
73 9
45 56
42 68
81 53
72 60
17 83
82 3
94 32
76 11
39 57
35 85
9 42
29 86
49 72
74 76
69 69
10 7
53 31
98 34
77 53
21 86
82 94
40 52
60 35
48 94
65 86
96 8
35 10
77 73
98 23
46 90
59 41
58 7
27 1
88 56
85 50
52 57
24 39
16 93
11 48
12 14
26 45
32 41
28 83
43 5
35 89
4 31
7 81
10 45
35 37
28 67
49 79
28 39
99 65
39 85
99 45
62 56
99 80
38 96
44 35
98 47
81 58
45 59
98 79
8 4
99 71
67 11
31 77
7 2
51 15
1 12
12 2
97 50
89 11
26 63
24 5
63 82
94 91
93 69
76 46
84 9
74 7
32 2
72 15
97 65
47 77
22 9
65 8
46 54
46 99
51 16
82 22
90 69
43 84
33 33
12 44
76 97
19 50
57 0
45 19
72 83
44 59
11 69
43 16
96 60
94 53
51 93
96 48
76 72
2 75
75 27
75 44
43 8
67 84
83 42
31 94
54 42
77 9
30 63
68 47
54 4
60 92
36 11
41 90
31 97
31 70
81 47
16 76
72 56
71 50
96 1
2 73
35 71
15 91
31 14
47 67
73 55
24 49
79 26
92 96
88 47
93 72
6 52
9 36
12 36
43 29
1 36
77 67
42 45
62 18
48 96
95 20
54 4
73 99
82 50
36 100
1 32
10 39
11 95
14 73
90 100
75 28
11 23
78 81
37 31
13 97
63 31
67 34
77 17
47 29
69 44
70 89
29 21
29 59
40 29
35 88
86 69
4 76
12 83
72 1
57 35
88 42
52 60
29 71
76 72
13 92
61 44
43 54
10 93
2 47
24 97
5 14
91 82
70 67
27 8
0 76
12 82
10 25
91 6
93 74
15 19
65 63
0 5
96 61
37 25
55 62
50 84
24 64
2 30
56 61
56 76
77 59
78 13
14 10
58 32
6 10
92 86
22 69
12 12
32 30
16 86
25 70
20 34
89 60
66 59
100 18
88 85
7 77
12 88
47 90
32 22
88 92
19 66
52 83
99 27
60 96
41 89
19 32
93 59
75 78
10 90
36 16
63 2
18 26
47 88
25 2
71 37
70 14
32 52
6 40
11 4
70 81
75 27
72 37
34 80
51 20
72 83
46 51
15 29
100 66
30 2
4 9
29 14
31 69
87 9
43 9
34 82
89 48
0 23
29 14
49 24
23 37
96 44
8 37
76 53
69 98
34 62
72 28
28 91
80 57
11 12
44 93
23 71
62 26
90 1
55 61
51 45
87 4
90 1
49 4
79 33
91 55
67 99
87 16
2 1
41 92
15 33
80 29
43 95
13 5
1 69
24 66
74 3
4 21
59 48
83 56
18 52
37 43
92 52
68 50
16 44
5 4
57 10
48 23
35 32
72 84
95 26
7 60
45 20
77 80
72 22
15 84
1 33
9 1
3 65
18 47
13 22
96 57
57 31
11 41
14 27
1 43
89 62
89 57
23 61
57 11
20 87
65 81
11 7
13 72
30 90
19 11
84 84
18 65
71 80
88 64
19 75
25 42
14 13
97 14
38 55
20 15
78 68
6 70
48 34
10 7
36 41
22 63
92 45
26 0
12 7
30 44
97 99
92 6
53 57
94 39
16 74
77 39
45 60
87 69
49 9
28 92
67 10
55 47
82 21
84 81
80 10
54 34
6 5
73 96
60 67
95 8
10 5
87 48
85 32
27 5
10 53
1 67
36 46
36 62
23 57
36 11
43 57
54 38
61 0
51 20
75 33
34 0
86 25
31 6
67 42
8 42
57 85
68 20
32 76
19 75
46 53
85 50
60 10
84 98
33 8
62 0
46 24
69 86
5 97
74 6
27 29
18 15
49 11
15 54
11 30
80 72
88 61
56 29
84 57
40 47
7 0
90 100
87 68
25 56
23 75
30 91
9 99
91 7
8 86
63 74
74 24
24 44
27 86
77 50
36 56
32 34
16 16
30 55
36 18
92 52
3 15
68 51
52 71
24 71
8 33
58 79
20 42
87 3
40 90
2 32
6 83
4 37
59 8
60 71
48 78
40 36
52 43
57 17
46 20
80 53
40 18
71 98
81 15
64 3
98 10
56 18
68 16
19 8
20 43
81 87
24 35
3 25
53 8
12 56
12 100
8 56
23 45
94 13
41 52
17 90
4 42
15 7
75 59
12 84
90 83
22 8
49 79
85 3
36 13
84 30
47 31
82 16
51 82
70 4
75 89
38 58
36 84
61 59
14 16
88 81
79 74
91 60
48 33
46 78
38 74
0 49
75 36
46 46
44 41
24 19
64 83
34 82
45 36
60 57
18 39
68 54
23 46
93 83
56 22
40 80
0 24
49 17
86 26
78 55
2 67
98 19
46 83
11 62
72 51
69 63
6 68
8 25
4 37
49 29
37 87
59 17
43 59
46 59
55 31
23 26
73 30
52 51
38 5
89 26
6 69
79 78
85 3
95 27
96 83
2 19
43 96
65 98
84 8
42 73
15 65
37 28
46 49
34 12
50 87
94 6
64 11
49 3
72 69
4 51
54 99
87 41
20 53
23 42
32 90
73 52
12 3
61 19
82 6
79 6
88 98
69 46
99 11
7 8
32 62
100 43
19 43
93 31
47 8
87 7
66 48
27 0
19 29
18 94
13 78
34 35
25 17
75 75
61 8
33 94
25 98
67 70
50 3
82 36
87 81
32 99
95 23
84 56
76 82
41 77
17 45
94 68
42 44
51 1
15 84
78 58
28 53
38 29
4 40
89 11
83 36
55 30
11 52
29 19
77 89
91 33
28 91
42 69
37 65
47 25
12 87
100 88
28 21
87 38
35 12
71 32
78 10
100 71
98 79
90 51
76 75
87 68
20 84
84 73
100 10
88 51
9 29
21 51
74 88
14 32
23 41
56 59
71 33
84 94
42 92
100 64
15 16
37 35
34 50
33 4
59 97
49 98
100 25
25 79
2 32
100 69
39 79
31 10
91 35
6 85
77 30
56 50
95 0
58 76
97 79
5 92
19 86
76 76
96 26
61 33
13 97
81 14
78 46
46 98
89 98
66 60
24 97
36 84
80 97
12 60
33 41
78 17
30 29
20 77
56 12
66 28
67 22
28 72
75 12
56 99
18 9
24 67
12 67
50 25
83 44
94 42
56 2
35 67
19 43
91 0
42 67
85 63
36 87
23 1
40 94
47 48
41 35
47 74
40 84
20 65
7 32
8 83
89 43
12 23
33 16
75 24
17 50
84 22
83 56
68 61
70 3
21 42
16 35
27 97
78 98
25 86
39 91
64 90
79 46
0 75
47 34
16 46
35 46
9 94
43 86
42 31
1 51
93 90
62 49
83 39
79 53
29 71
84 40
44 24
41 31
24 0
78 66
65 100
56 93
22 62
32 71
20 89
39 89
81 25
58 15
95 67
91 78
95 33
69 42
2 53
87 44
46 1
75 95
39 24
85 2
99 36
77 40
76 44
54 70
52 32
48 89
52 3
75 59
85 52
47 89
71 86
95 21
77 82
25 44
53 93
74 23
7 31
90 87
74 98
96 26
15 29
31 14
29 92
34 63
40 85
35 41
86 37
39 55
34 1
19 48
76 50
14 14
94 39
9 11
65 92
38 34
98 64
25 21
16 22
66 5
54 83
94 33
85 41
53 60
24 60
89 93
11 37
32 6
9 64
27 78
90 40
18 60
10 99
30 35
56 83
96 92
96 82
54 76
82 84
30 52
99 76
42 30
97 47
23 51
61 10
33 24
5 64
6 66
43 58
10 53
11 94
97 5
85 57
83 29
65 90
79 21
53 45
1 96
38 17
76 90
29 5
1 62
97 59
8 0
94 3
93 91
76 9
60 14
56 9
34 79
73 51
46 67
29 16
41 7
17 47
35 68
26 6
22 100
6 38
65 2
83 5
64 64
73 26
39 81
24 49
24 60
18 68
77 97
51 95
66 76
27 56
95 79
10 96
26 73
91 100
93 53
40 95
15 88
65 32
18 72
75 14
98 86
8 55
37 24
16 76
78 62
92 85
95 44
26 2
50 63
93 75
23 68
45 89
58 68
80 74
31 85
18 63
32 68
47 46
24 92
65 84
28 80
15 50
16 9
52 41
95 27
17 19
50 19
73 45
64 57
73 71
91 60
55 67
49 48
34 60
14 69
87 23
52 23
40 38
93 50
39 7
100 19
54 70
99 74
11 19
86 80
14 42
83 71
100 98
47 57
25 19
25 87
6 81
21 32
4 38
91 48
38 1
50 66
61 64
2 27
20 98
34 7
5 68
80 83
90 86
37 4
57 24
60 39
2 76
10 51
38 43
76 56
30 2
71 22
45 54
50 35
83 53
93 65
34 42
76 91
55 32
14 85
93 8
10 35
87 39
3 91
40 25
95 38
60 5
46 52
75 39
1 93
45 32
39 48
78 29
64 65
13 7
8 74
26 74
13 96
5 32
65 14
75 10
54 48
66 70
98 83
62 73
57 59
28 30
34 29
8 25
65 19
85 2
57 34
94 73
84 34
0 8
46 90
73 43
81 83
54 45
55 11
3 49
59 94
58 53
44 38
37 39
66 25
15 36
51 29
6 66
15 61
85 75
45 66
95 19
19 60
34 91
4 20
98 36
83 69
29 50
83 52
22 54
18 86
36 11
95 30
58 81
53 9
93 90
97 66
77 100
23 71
85 39
41 89
65 67
21 71
3 86
12 7
4 98
92 43
39 86
43 79
40 78
80 59
81 77
47 61
44 77
6 19
44 52
97 44
51 94
54 22
95 27
58 26
28 36
28 12
24 78
25 98
93 6
17 46
67 45
8 89
22 52
20 94
70 86
69 76
49 57
12 81
19 69
96 37
19 99
79 57
57 27
54 26
4 26
55 38
1 53
79 82
18 71
17 40
46 98
19 62
53 88
37 81
1 10
51 22
39 48
44 58
11 74
0 17
16 95
79 75
41 80
33 67
5 98
97 10
56 19
90 5
25 5
85 82
43 54
7 24
15 55
0 52
90 10
59 65
54 93
3 14
98 57
45 72
15 50
32 14
25 95
93 20
80 84
84 55
80 1
4 38
56 91
72 44
68 75
75 97
15 79
31 5
1 29
40 12
74 82
82 3
90 47
12 13
15 5
41 79
59 75
41 77
95 17
11 11
19 6
54 90
88 13
60 14
17 8
67 17
48 15
13 92
0 97
94 76
89 85
23 63
93 39
46 0
86 23
50 51
48 94
60 72
11 55
58 79
48 14
29 16
24 56
70 4
91 83
51 25
69 70
64 69
13 1
21 50
43 88
11 34
94 47
56 72
74 96
20 92
55 46
35 83
85 2
87 82
79 99
64 30
78 77
41 92
95 13
69 39
95 56
61 10
63 82
62 21
0 24
87 53
4 90
45 45
2 45
14 98
80 67
81 75
87 51
74 73
66 38
81 92
21 51
85 97
55 19
81 94
61 54
3 60
96 40
19 34
26 34
17 26
90 77
52 52
28 82
20 35
12 79
45 30
1 3
43 63
80 9
8 75
38 60
45 19
82 75
63 23
24 76
22 37
26 14
20 13
30 7
26 48
13 12
58 4
97 84
33 86
82 33
7 91
67 95
99 75
80 42
74 61
44 96
93 48
51 32
85 1
98 94
36 20
19 64
9 81
85 40
44 52
20 77
27 75
38 46
60 99
16 88
77 91
87 12
100 72
82 64
94 12
56 13
37 53
96 79
66 82
31 48
48 81
100 21
93 75
82 79
94 32
28 33
41 85
14 24
40 44
32 4
50 19
9 84
22 42
80 6
9 64
34 62
44 68
32 88
75 70
81 83
28 12
86 60
3 0
64 92
63 55
74 15
37 90
45 17
1 2
83 89
26 26
95 55
84 56
74 22
33 87
81 39
23 50
23 32
78 30
29 55
34 83
66 51
43 67
61 21
31 69
57 86
34 35
47 36
47 26
58 89
71 56
99 81
43 1
4 80
34 73
27 51
36 30
89 48
3 74
60 97
7 61
99 59
66 66
79 84
35 12
50 48
78 95
60 16
43 10
6 24
46 89
13 83
34 33
71 60
84 11
51 30
5 30
37 36
1 68
27 28
5 58
50 10
2 71
71 98
68 29
79 37
35 96
74 96
40 88
22 71
5 77
17 90
30 43
4 65
43 75
82 88
35 34
29 87
29 29
58 92
16 33
7 26
25 91
57 46
37 10
74 38
34 53
4 82
39 23
51 93
64 36
92 10
16 56
63 65
45 65
65 80
91 43
87 52
60 78
86 1
13 51
72 14
7 68
67 40
38 60
26 58
79 45
22 73
35 10
96 61
77 44
7 50
54 75
99 45
81 11
12 62
78 4
90 94
90 8
59 45
99 48
31 16
21 80
54 47
61 19
14 76
50 77
69 70
4 3
80 38
4 92
22 36
25 72
29 77
33 68
59 10
65 48
55 54
73 42
58 1
71 17
10 60
32 96
50 96
29 55
77 18
74 67
91 25
55 58
83 24
1 74
2 66
41 99
10 59
55 7
59 11
89 80
58 83
9 49
17 82
45 98
76 11
51 35
97 76
2 67
89 36
59 20
9 12
24 7
26 3
25 29
61 99
88 58
86 1
31 50
29 10
34 43
42 96
12 98
50 11
64 66
74 51
23 75
81 51
100 82
74 19
63 79
64 100
60 25
33 36
97 10
19 87
61 23
1 93
45 77
87 3
4 98
98 50
5 57
43 18
95 21
91 7
94 61
69 0
11 71
9 74
42 98
89 91
68 38
51 75
98 90
30 69
19 54
59 64
18 4
66 22
98 85
41 49
49 64
55 17
62 10
38 7
69 1
88 74
5 49
21 30
83 1
61 20
72 91
33 52
76 39
79 56
65 22
14 56
1 27
67 21
70 24
72 98
48 88
90 54
85 85
42 20
7 56
31 49
78 81
51 12
86 55
4 48
73 75
2 2
49 7
57 58
24 7
48 13
76 1
35 95
87 33
91 90
25 66
44 89
51 81
8 30
3 29
86 47
84 37
51 42
47 12
95 68
93 80
8 67
37 63
71 48
92 25
96 54
44 23
32 35
79 72
4 1
45 83
78 43
10 82
14 41
97 9
48 70
70 19
11 8
58 34
33 29
16 78
18 46
29 26
90 62
74 14
44 93
82 99
24 13
86 46
30 36
7 32
67 85
7 62
33 83
82 59
17 60
17 6
54 85
21 91
82 25
91 65
94 83
70 33
91 16
67 0
93 64
85 11
57 85
24 79
35 19
26 95
28 32
93 77
52 17
99 12
22 90
56 93
41 78
89 63
34 44
71 9
91 62
55 48
22 60
25 95
62 51
63 28
72 81
0 54
1 58
62 12
92 5
0 79
30 20
45 10
60 45
61 84
71 55
24 22
31 92
54 52
68 39
94 53
19 75
25 72
39 68
4 77
68 89
70 53
72 40
78 54
84 96
4 59
38 85
32 97
46 37
9 19
97 42
49 77
97 41
60 95
58 72
13 82
45 40
64 34
16 22
84 65
12 95
40 49
82 58
15 41
71 49
21 20
62 88
70 75
70 76
3 82
16 49
76 59
64 30
69 39
39 8
34 36
67 80
34 42
72 2
49 19
6 53
25 30
18 90
4 79
58 66
49 97
81 1
99 16
61 11
58 58
95 59
93 37
70 46
51 70
92 96
46 86
18 19
97 77
91 25
14 41
24 78
15 58
4 69
66 90
73 57
17 50
36 58
86 92
98 32
26 64
23 27
39 40
62 19
36 9
40 1
7 48
16 39
47 97
44 74
91 71
67 65
46 32
62 79
81 96
15 3
19 7
34 36
3 38
52 94
93 38
71 10
9 65
6 90
57 87
34 69
22 83
80 97
69 81
74 42
28 81
91 44
78 89
38 83
81 72
10 11
30 83
23 3
28 76
36 89
88 94
32 56
62 24
84 50
89 60
82 91
82 55
1 60
13 18
14 59
16 4
47 4
98 2
91 9
0 76
65 69
15 88
32 16
59 24
54 39
21 97
99 83
50 19
79 34
51 97
98 69
52 42
36 45
88 32
33 44
46 15
28 57
3 51
9 2
59 87
95 39
83 0
50 12
43 93
86 25
20 28
67 93
10 49
32 73
13 37
15 3
86 14
40 54
90 46
7 39
39 46
62 22
85 77
85 49
21 30
93 58
32 93
14 23
30 55
91 4
98 94
53 72
75 55
18 10
27 86
13 68
93 57
20 60
81 36
38 64
52 17
95 18
39 13
43 92
61 1
22 85
95 55
61 86
49 13
57 92
97 82
23 9
97 56
96 70
34 37
63 1
34 54
16 99
2 55
78 59
3 54
95 97
37 92
93 42
99 83
62 16
58 7
36 36
99 19
66 56
26 4
69 6
78 5
81 46
56 90
39 31
77 38
30 54
4 84
0 8
99 76
40 32
46 49
69 62
70 53
89 51
71 59
47 72
98 73
40 96
32 29